 4   1 3 [ 1 ] 
 0      .....pad
 7   1 0 [ 2 ] 
 0      .....pad
1   [Number of trianglegroups]
 0      .....pad
 11   1 3 [ 3 ] 
 0
 0
 0      .....pad
 24 ...number of triangles    tell says: 97 
   21     22     23
   22     21     20
   17     18     19
   18     17     16
   13     14     15
   14     13     12
    9     10     11
   10      9      8
    4      7      6
    7      4      5
    0      3      1
    3      0      2
   44     47     46
   46     45     44
   40     43     42
   42     41     40
   36     39     38
   38     37     36
   32     35     34
   34     33     32
   28     30     31
   31     29     28
   24     25     27
   27     26     24
 0 ...groupflag    tell says: 245 
 0 0 0 0 0    .... first time bytes
 10   1 0 [ 4 ]  11   [ 3 ] 
 6   1 0 [ 5 ]  7   [ 2 ] 
48   [Number of vertices]
 0      .....pad
2   [Number of floatpairgroups]
 0      .....pad
 18   1 0 [ 6 ] 
 4   [type identifier]   tell says: 302 
 0      .....pad
48   [Number of vertices]
   0.2905885      0.4329410
   0.2905885      0.3412033
   0.2840439      0.4329410
   0.2840439      0.3412033
   0.2905885      0.3412033
   0.2905885      0.4329410
   0.2840439      0.3412033
   0.2840439      0.4329410
   0.3750000      0.3142998
   0.2832624      0.3142998
   0.3750000      0.5000000
   0.2832624      0.5000000
   0.2897746      0.3142998
   0.2832300      0.3142998
   0.2897746      0.5000000
   0.2832300      0.5000000
   0.3750000      0.3142998
   0.2832624      0.3142998
   0.3750000      0.5000000
   0.2832624      0.5000000
   0.2897746      0.3142998
   0.2832300      0.3142998
   0.2897746      0.5000000
   0.2832300      0.5000000
   0.2905885      0.4329410
   0.2905885      0.3412033
   0.2840439      0.4329410
   0.2840439      0.3412033
   0.2905885      0.3412033
   0.2905885      0.4329410
   0.2840439      0.3412033
   0.2840439      0.4329410
   0.2832624      0.3142998
   0.3750000      0.3142998
   0.3750000      0.5000000
   0.2832624      0.5000000
   0.2832300      0.3142998
   0.2897746      0.3142998
   0.2897746      0.5000000
   0.2832300      0.5000000
   0.2832624      0.3142998
   0.3750000      0.3142998
   0.3750000      0.5000000
   0.2832624      0.5000000
   0.2832300      0.3142998
   0.2897746      0.3142998
   0.2897746      0.5000000
   0.2832300      0.5000000

 0 0 0 0    .... footer bytes
 17   1 0 [ 7 ]  18   [ 6 ] 
 18   [ 8 ] 
 1   [type identifier]   tell says: 720 
48   [Number of vertices]
   0.0000000      0.0000000
   0.0000000      0.0000000
   0.0000000      0.0000000
   0.0000000      0.0000000
   0.0000000      0.0000000
   0.0000000      0.0000000
   0.0000000      0.0000000
   0.0000000      0.0000000
   0.0000000      0.0000000
   0.0000000      0.0000000
   0.0000000      0.0000000
   0.0000000      0.0000000
   0.0000000      0.0000000
   0.0000000      0.0000000
   0.0000000      0.0000000
   0.0000000      0.0000000
   0.0000000      0.0000000
   0.0000000      0.0000000
   0.0000000      0.0000000
   0.0000000      0.0000000
   0.0000000      0.0000000
   0.0000000      0.0000000
   0.0000000      0.0000000
   0.0000000      0.0000000
   0.0000000      0.0000000
   0.0000000      0.0000000
   0.0000000      0.0000000
   0.0000000      0.0000000
   0.0000000      0.0000000
   0.0000000      0.0000000
   0.0000000      0.0000000
   0.0000000      0.0000000
   0.0000000      0.0000000
   0.0000000      0.0000000
   0.0000000      0.0000000
   0.0000000      0.0000000
   0.0000000      0.0000000
   0.0000000      0.0000000
   0.0000000      0.0000000
   0.0000000      0.0000000
   0.0000000      0.0000000
   0.0000000      0.0000000
   0.0000000      0.0000000
   0.0000000      0.0000000
   0.0000000      0.0000000
   0.0000000      0.0000000
   0.0000000      0.0000000
   0.0000000      0.0000000

 0 0 0 0    .... footer bytes
 17   [ 9 ]  18   [ 8 ] 
 0      .....pad
1   [Number of floattriplesgroups]
 0      .....pad
 23   1 0 [ 10 ] 
 0   [type identifier]   tell says: 1144 
 0      .....pad
48   [Number of vertices]
  -2.9682260      2.9712019     -0.1047137
  -0.0326224      2.9712019     -0.1047137
  -2.9682260      2.9712019      0.1047126
  -0.0326224      2.9712019      0.1047126
  -2.9682260     -2.9712019     -0.1047137
  -0.0326224     -2.9712019     -0.1047137
  -2.9682260     -2.9712019      0.1047126
  -0.0326224     -2.9712019      0.1047126
  -0.0326224      2.9712019     -0.1047137
  -2.9682260      2.9712019     -0.1047137
  -0.0326224     -2.9712019     -0.1047137
  -2.9682260     -2.9712019     -0.1047137
  -0.0326224      2.9712019      0.1047126
  -0.0326224      2.9712019     -0.1047137
  -0.0326224     -2.9712019      0.1047126
  -0.0326224     -2.9712019     -0.1047137
  -2.9682260      2.9712019      0.1047126
  -0.0326224      2.9712019      0.1047126
  -2.9682260     -2.9712019      0.1047126
  -0.0326224     -2.9712019      0.1047126
  -2.9682260      2.9712019     -0.1047137
  -2.9682260      2.9712019      0.1047126
  -2.9682260     -2.9712019     -0.1047137
  -2.9682260     -2.9712019      0.1047126
   2.9682260      2.9712019     -0.1047120
   0.0326224      2.9712019     -0.1047120
   2.9682260      2.9712019      0.1047142
   0.0326224      2.9712019      0.1047142
   2.9682260     -2.9712019     -0.1047154
   0.0326224     -2.9712019     -0.1047154
   2.9682260     -2.9712019      0.1047109
   0.0326224     -2.9712019      0.1047109
   2.9682260      2.9712019     -0.1047120
   0.0326224      2.9712019     -0.1047120
   0.0326224     -2.9712019     -0.1047154
   2.9682260     -2.9712019     -0.1047154
   0.0326224      2.9712019     -0.1047120
   0.0326224      2.9712019      0.1047142
   0.0326224     -2.9712019      0.1047109
   0.0326224     -2.9712019     -0.1047154
   0.0326224      2.9712019      0.1047142
   2.9682260      2.9712019      0.1047142
   2.9682260     -2.9712019      0.1047109
   0.0326224     -2.9712019      0.1047109
   2.9682260      2.9712019      0.1047142
   2.9682260      2.9712019     -0.1047120
   2.9682260     -2.9712019     -0.1047154
   2.9682260     -2.9712019      0.1047109

 0 0 0 0    .... footer bytes
 22   1 0 [ 11 ]  23   [ 10 ] 
 0      .....pad
7   [Number of bytequadgroups]
 0      .....pad
 28   1 0 [ 12 ] 
 3   [type identifier]   tell says: 1764 
 0      .....pad
48   [Number of vertices]
 127  255  127    0
 127  255  127    0
 127  255  127    0
 127  255  127    0
 127    0  127    0
 127    0  127    0
 127    0  127    0
 127    0  127    0
   0  127  127    0
   0  127  127    0
   0  127  127    0
   0  127  127    0
 127  127  255    0
 127  127  255    0
 127  127  255    0
 127  127  255    0
 255  127  127    0
 255  127  127    0
 255  127  127    0
 255  127  127    0
 127  127    0    0
 127  127    0    0
 127  127    0    0
 127  127    0    0
 127  255  127    0
 127  255  127    0
 127  255  127    0
 127  255  127    0
 127    0  127    0
 127    0  127    0
 127    0  127    0
 127    0  127    0
   0  127  127    0
   0  127  127    0
   0  127  127    0
   0  127  127    0
 127  127    0    0
 127  127    0    0
 127  127    0    0
 127  127    0    0
 255  127  127    0
 255  127  127    0
 255  127  127    0
 255  127  127    0
 127  127  255    0
 127  127  255    0
 127  127  255    0
 127  127  255    0

 0 0 0 0    .... footer bytes
 27   1 0 [ 13 ]  28   [ 12 ]    tell says: 1980 
 28   [ 14 ] 
 10   [type identifier]   tell says: 1990 
48   [Number of vertices]
 255  127  127    0
 255  127  127    0
 255  127  127    0
 255  127  127    0
 255  127  127    0
 255  127  127    0
 255  127  127    0
 255  127  127    0
 127  127    0    0
 127  127    0    0
 127  127    0    0
 127  127    0    0
   0  127  127    0
   0  127  127    0
   0  127  127    0
   0  127  127    0
 127  127  255    0
 127  127  255    0
 127  127  255    0
 127  127  255    0
 255  127  127    0
 255  127  127    0
 255  127  127    0
 255  127  127    0
 255  127  127    0
 255  127  127    0
 255  127  127    0
 255  127  127    0
 255  127  127    0
 255  127  127    0
 255  127  127    0
 255  127  127    0
 127  127  255    0
 127  127  255    0
 127  127  255    0
 127  127  255    0
   0  127  127    0
   0  127  127    0
   0  127  127    0
   0  127  127    0
 127  127    0    0
 127  127    0    0
 127  127    0    0
 127  127    0    0
 255  127  127    0
 255  127  127    0
 255  127  127    0
 255  127  127    0

 0 0 0 0    .... footer bytes
 27   [ 15 ]  28   [ 14 ]    tell says: 2202 
 28   [ 16 ] 
 8   [type identifier]   tell says: 2212 
48   [Number of vertices]
   0    0    0  255
   0    0    0  255
   0    0    0  255
   0    0    0  255
   0    0    0  255
   0    0    0  255
   0    0    0  255
   0    0    0  255
   0    0    0  255
   0    0    0  255
   0    0    0  255
   0    0    0  255
   0    0    0  255
   0    0    0  255
   0    0    0  255
   0    0    0  255
   0    0    0  255
   0    0    0  255
   0    0    0  255
   0    0    0  255
   0    0    0  255
   0    0    0  255
   0    0    0  255
   0    0    0  255
   0    0    0  255
   0    0    0  255
   0    0    0  255
   0    0    0  255
   0    0    0  255
   0    0    0  255
   0    0    0  255
   0    0    0  255
   0    0    0  255
   0    0    0  255
   0    0    0  255
   0    0    0  255
   0    0    0  255
   0    0    0  255
   0    0    0  255
   0    0    0  255
   0    0    0  255
   0    0    0  255
   0    0    0  255
   0    0    0  255
   0    0    0  255
   0    0    0  255
   0    0    0  255
   0    0    0  255

 0 0 0 0    .... footer bytes
 27   [ 17 ]  28   [ 16 ]    tell says: 2424 
 28   [ 18 ] 
 9   [type identifier]   tell says: 2434 
48   [Number of vertices]
   0    0    0    0
   0    0    0    0
   0    0    0    0
   0    0    0    0
   0    0    0    0
   0    0    0    0
   0    0    0    0
   0    0    0    0
   0    0    0    0
   0    0    0    0
   0    0    0    0
   0    0    0    0
   0    0    0    0
   0    0    0    0
   0    0    0    0
   0    0    0    0
   0    0    0    0
   0    0    0    0
   0    0    0    0
   0    0    0    0
   0    0    0    0
   0    0    0    0
   0    0    0    0
   0    0    0    0
   0    0    0    0
   0    0    0    0
   0    0    0    0
   0    0    0    0
   0    0    0    0
   0    0    0    0
   0    0    0    0
   0    0    0    0
   0    0    0    0
   0    0    0    0
   0    0    0    0
   0    0    0    0
   0    0    0    0
   0    0    0    0
   0    0    0    0
   0    0    0    0
   0    0    0    0
   0    0    0    0
   0    0    0    0
   0    0    0    0
   0    0    0    0
   0    0    0    0
   0    0    0    0
   0    0    0    0

 0 0 0 0    .... footer bytes
 27   [ 19 ]  28   [ 18 ]    tell says: 2646 
 28   [ 20 ] 
 13   [type identifier]   tell says: 2656 
48   [Number of vertices]
   2    0    0    0
   2    0    0    0
   2    0    0    0
   2    0    0    0
   2    0    0    0
   2    0    0    0
   2    0    0    0
   2    0    0    0
   2    0    0    0
   2    0    0    0
   2    0    0    0
   2    0    0    0
   2    0    0    0
   2    0    0    0
   2    0    0    0
   2    0    0    0
   2    0    0    0
   2    0    0    0
   2    0    0    0
   2    0    0    0
   2    0    0    0
   2    0    0    0
   2    0    0    0
   2    0    0    0
   2    0    0    0
   2    0    0    0
   2    0    0    0
   2    0    0    0
   2    0    0    0
   2    0    0    0
   2    0    0    0
   2    0    0    0
   2    0    0    0
   2    0    0    0
   2    0    0    0
   2    0    0    0
   2    0    0    0
   2    0    0    0
   2    0    0    0
   2    0    0    0
   2    0    0    0
   2    0    0    0
   2    0    0    0
   2    0    0    0
   2    0    0    0
   2    0    0    0
   2    0    0    0
   2    0    0    0

 0 0 0 0    .... footer bytes
 27   [ 21 ]  28   [ 20 ]    tell says: 2868 
 28   [ 22 ] 
 14   [type identifier]   tell says: 2878 
48   [Number of vertices]
   2    0    0    0
   2    0    0    0
   2    0    0    0
   2    0    0    0
   2    0    0    0
   2    0    0    0
   2    0    0    0
   2    0    0    0
   2    0    0    0
   2    0    0    0
   2    0    0    0
   2    0    0    0
   2    0    0    0
   2    0    0    0
   2    0    0    0
   2    0    0    0
   2    0    0    0
   2    0    0    0
   2    0    0    0
   2    0    0    0
   2    0    0    0
   2    0    0    0
   2    0    0    0
   2    0    0    0
   2    0    0    0
   2    0    0    0
   2    0    0    0
   2    0    0    0
   2    0    0    0
   2    0    0    0
   2    0    0    0
   2    0    0    0
   2    0    0    0
   2    0    0    0
   2    0    0    0
   2    0    0    0
   2    0    0    0
   2    0    0    0
   2    0    0    0
   2    0    0    0
   2    0    0    0
   2    0    0    0
   2    0    0    0
   2    0    0    0
   2    0    0    0
   2    0    0    0
   2    0    0    0
   2    0    0    0

 0 0 0 0    .... footer bytes
 27   [ 23 ]  28   [ 22 ]    tell says: 3090 
 28   [ 24 ] 
 2   [type identifier]   tell says: 3100 
48   [Number of vertices]
   0    0    0    0
   0    0    0    0
   0    0    0    0
   0    0    0    0
   0    0    0    0
   0    0    0    0
   0    0    0    0
   0    0    0    0
   0    0    0    0
   0    0    0    0
   0    0    0    0
   0    0    0    0
   0    0    0    0
   0    0    0    0
   0    0    0    0
   0    0    0    0
   0    0    0    0
   0    0    0    0
   0    0    0    0
   0    0    0    0
   0    0    0    0
   0    0    0    0
   0    0    0    0
   0    0    0    0
   0    0    1    0
   0    0    1    0
   0    0    1    0
   0    0    1    0
   0    0    1    0
   0    0    1    0
   0    0    1    0
   0    0    1    0
   0    0    1    0
   0    0    1    0
   0    0    1    0
   0    0    1    0
   0    0    1    0
   0    0    1    0
   0    0    1    0
   0    0    1    0
   0    0    1    0
   0    0    1    0
   0    0    1    0
   0    0    1    0
   0    0    1    0
   0    0    1    0
   0    0    1    0
   0    0    1    0

 0 0 0 0    .... footer bytes
 27   [ 25 ]  28   [ 24 ]    tell says: 3312 
 0 0 0 ....zeroes
 0.98155713  0.51438898  -0.03499058  5.26969147    tell says: 3338 
 0 ....zeroes   tell says: 3342 
0   [Number of bonestrings]
 3   1 0 [ 26 ]  4   [ 1 ] 
 0      .....pad
1   [number of textures]
 0      .....pad
 38   1 4 [ 27 ] 
19 buildingskinnedlod0
17
50 BlockSet/Textures/ME_walls_wooden_palisade.texture
57 BlockSet/Textures/ME_walls_wooden_palisade_normal.texture
Expected 15 integer zeroes
 0  0  0  0  0  0  0  0  0  0  0  0  0  0  0 
constant three integers 4, 1 and 3
 4  1  3
variable 4 bytes
18 192 63  0 

 4
255 255 255 255 
255 255 255 255 
255 255 255 255 
255 255 255 255 

 9
 0  0  0  0 
 0  0  0  0 
 0  0  0  0 
 0  0  0  0 
 0  0  0  0 
 0  0  0  0 
 0  0  0  0 
 0  0  0  0 
 0  0  0  0 

 8
  2
   0    short pad .....
   0  0 128 63  0  0  0  0  0  0  0  0  0  0  0  0  0  0  0  0  0  0 128 63  0  0  0  0  0  0  0  0
  2
   0  0 128 63  0  0  0  0  0  0  0  0  0  0  0  0  0  0  0  0  0  0 128 63  0  0  0  0  0  0  0  0
  2
   0  0 128 63  0  0  0  0  0  0  0  0  0  0  0  0  0  0  0  0  0  0 128 63  0  0  0  0  0  0  0  0
  2
   0  0 128 63  0  0  0  0  0  0  0  0  0  0  0  0  0  0  0  0  0  0 128 63  0  0  0  0  0  0  0  0
  2
   0  0 128 63  0  0  0  0  0  0  0  0  0  0  0  0  0  0  0  0  0  0 128 63  0  0  0  0  0  0  0  0
  2
   0  0 128 63  0  0  0  0  0  0  0  0  0  0  0  0  0  0  0  0  0  0 128 63  0  0  0  0  0  0  0  0
  2
   0  0 128 63  0  0  0  0  0  0  0  0  0  0  0  0  0  0  0  0  0  0 128 63  0  0  0  0  0  0  0  0
  2
   0  0 128 63  0  0  0  0  0  0  0  0  0  0  0  0  0  0  0  0  0  0 128 63  0  0  0  0  0  0  0  0
 37   1 0 [ 28 ]  38   [ 27 ]    tell says: 3962 
complex binding sphere    tell says: 3962
+0.98156 +0.51439 -0.03499 +5.26969    tell says: 3978 

