 4   1 3 [ 1 ] 
 0      .....pad
 7   1 0 [ 2 ] 
 0      .....pad
1   [Number of trianglegroups]
 0      .....pad
 11   1 3 [ 3 ] 
 0
 0
 0      .....pad
 118 ...number of triangles    tell says: 97 
  107    106    105
  104    103    102
  101    100     99
   98     97     96
   92     95     94
   94     93     92
   88     91     90
   90     89     88
   87     86     84
   86     85     84
   83     82     81
   80     79     78
   77     76     75
   21     74     73
   72     71     70
   69     68     67
   66     65     64
   20     63     62
   61     60     59
   58     57     56
   55     54     53
   52     51     50
   49     48     47
   46     45     44
   26     25     24
   24     27     26
   17     18     16
   18     40     16
   18     43     40
   18     41     43
   18      9     41
   18     22      9
   18     19     22
    9     42     41
   40     39     16
   36     15     38
   38     37     36
   35     13     34
   35     12     13
   35     11     12
   35      6     11
   35     33      6
    6     23     11
   23     10     11
   13     14     34
    6     33     32
    4      5     31
   31     30      4
    8      7     29
   29     28      8
    3      1      0
    0      2      3
  245    244    243
  242    241    240
  239    238    237
  236    235    234
  233    232    231
  230    229    228
  227    226    225
  224    223    222
  221    220    219
  218    217    216
  215    214    213
  212    211    210
  209    137    208
  138    207    206
  205    136    204
  135    203    202
  201    200    199
  198    194    192
  197    196    195
  194    193    192
  191    188    189
  190    189    188
  187    186    184
  186    185    184
  140    183    182
  142    141    139
  178    181    180
  180    179    178
  177    176    175
  174    173    172
  171    170    169
  168    167    166
  134    163    165
  132    134    165
  131    132    165
  160    131    165
  130    131    160
  129    130    160
  133    134    132
  164    163    134
  128    159    162
  129    159    128
  129    128    161
  160    159    129
  157    126    158
  126    157    156
  155    154    124
  155    124    122
  155    122    121
  155    121    149
  149    121    120
  149    120    119
  122    124    123
  124    154    125
  153    150    117
  152    151    118
  117    150    119
  119    150    149
  146    147    148
  147    146    145
  144    116    127
  116    144    143
  115    112    114
  112    115    113
  111    108    109
  108    111    110
 0 ...groupflag    tell says: 809 
 0 0 0 0 0    .... first time bytes
 10   1 0 [ 4 ]  11   [ 3 ] 
 6   1 0 [ 5 ]  7   [ 2 ] 
246   [Number of vertices]
 0      .....pad
2   [Number of floatpairgroups]
 0      .....pad
 18   1 0 [ 6 ] 
 4   [type identifier]   tell says: 866 
 0      .....pad
246   [Number of vertices]
   0.2905885      0.4329410
   0.2905885      0.3412033
   0.2840439      0.4329410
   0.2840439      0.3412033
   0.2897746      0.5000000
   0.2832300      0.5000000
   0.3635776      0.4151203
   0.2832300      0.4150404
   0.2897746      0.4153547
   0.2931565      0.4154563
   0.3635341      0.4423169
   0.3512096      0.4416833
   0.3480548      0.4832858
   0.3283655      0.4875003
   0.3285348      0.5000000
   0.2840439      0.3874809
   0.3277252      0.4865628
   0.3036769      0.4815564
   0.3048912      0.4423519
   0.2932047      0.4423727
   0.5611715      0.0540320
   0.5622640      0.0457501
   0.2931855      0.4316401
   0.3635517      0.4312792
   0.5689303      0.0684729
   0.5678058      0.0685120
   0.5678177      0.0610027
   0.5689414      0.0607501
   0.2897746      0.3142998
   0.2832300      0.3142998
   0.2897746      0.3142998
   0.2832300      0.3142998
   0.3750000      0.4150405
   0.3750000      0.3142998
   0.2832624      0.5000000
   0.2832624      0.3142998
   0.2905885      0.3864758
   0.2905885      0.3412033
   0.2840439      0.3412033
   0.3287225      0.5000000
   0.3750000      0.5000000
   0.2832624      0.3142998
   0.2832624      0.4153547
   0.3750000      0.3142998
   0.1715471      0.3852463
   0.1716516      0.3919651
   0.1836972      0.3945724
   0.1829690      0.3877186
   0.1715471      0.3852463
   0.1836972      0.3945724
   0.1895354      0.3762994
   0.1826816      0.3756308
   0.1889579      0.4130126
   0.1826816      0.3756308
   0.1829565      0.4166462
   0.1889579      0.4130126
   0.1778489      0.4214478
   0.1778847      0.4339476
   0.1844938      0.4339476
   0.1847048      0.4205104
   0.1778489      0.4214478
   0.1844938      0.4339476
   0.5681132      0.0688317
   0.5703285      0.0693346
   0.5703285      0.0693346
   0.5524663      0.0692068
   0.5611715      0.0540320
   0.5526409      0.0686693
   0.5681132      0.0688317
   0.5611715      0.0540320
   0.5524663      0.0692068
   0.5526409      0.0686693
   0.5611715      0.0540320
   0.5502128      0.0623605
   0.5770553      0.0670203
   0.5754327      0.0680258
   0.5469055      0.0673435
   0.5622640      0.0457501
   0.5469055      0.0673435
   0.5502128      0.0623605
   0.5622640      0.0457501
   0.5770553      0.0670203
   0.5754327      0.0680258
   0.5622640      0.0457501
   0.1920117      0.3655876
   0.1920179      0.3494038
   0.1852981      0.3490679
   0.1852927      0.3652267
   0.5586861      0.0497025
   0.5586585      0.0673627
   0.5689303      0.0684729
   0.5689414      0.0607501
   0.5588258      0.0674520
   0.5588558      0.0502799
   0.5678177      0.0610027
   0.5678058      0.0685120
   0.5588558      0.0502799
   0.5586861      0.0497025
   0.5689414      0.0607501
   0.5689414      0.0607501
   0.5678177      0.0610027
   0.5588558      0.0502799
   0.1716516      0.3919651
   0.1715471      0.3852463
   0.1659346      0.3836102
   0.1659346      0.3836102
   0.1652317      0.3864634
   0.1716516      0.3919651
   0.2905885      0.4329410
   0.2905885      0.3412033
   0.2840439      0.4329410
   0.2840439      0.3412033
   0.2905885      0.3412033
   0.2905885      0.4329410
   0.2840439      0.3412033
   0.2840439      0.4329410
   0.2832300      0.4139464
   0.3642024      0.4138992
   0.4532759      0.5449747
   0.3519733      0.4182137
   0.3443120      0.4311278
   0.3433647      0.4425071
   0.3505508      0.4486341
   0.3569219      0.4444596
   0.3632954      0.4570137
   0.3750000      0.4592415
   0.2897746      0.4594151
   0.2897746      0.4135391
   0.3642024      0.4138992
   0.3519733      0.4182137
   0.3443120      0.4311278
   0.3433647      0.4425071
   0.3505508      0.4486341
   0.3569219      0.4444596
   0.3632954      0.4570137
   0.4403535      0.5528754
   0.4412408      0.5621340
   0.4526036      0.5528754
   0.4517162      0.5621340
   0.4479763      0.5581490
   0.4482179      0.5662459
   0.4416481      0.5581490
   0.4418898      0.5630361
   0.2832300      0.3142998
   0.2897746      0.3142998
   0.2897746      0.3142998
   0.2897746      0.5000000
   0.2832300      0.3142998
   0.2832300      0.5000000
   0.2832624      0.3142998
   0.3750000      0.3142998
   0.4568266      0.5359243
   0.4445975      0.5316098
   0.3750000      0.4139464
   0.3750000      0.5000000
   0.2832624      0.5000000
   0.2897746      0.5000000
   0.2832300      0.5000000
   0.2832300      0.4592415
   0.3750000      0.3142998
   0.2832624      0.3142998
   0.3555240      0.4272641
   0.3750000      0.4139464
   0.3750000      0.5000000
   0.3750000      0.4592415
   0.2832624      0.5000000
   0.4614488      0.5602223
   0.4614488      0.5536778
   0.4506513      0.5536778
   0.4506513      0.5602223
   0.4614488      0.5602223
   0.4506513      0.5536778
   0.4536006      0.5316098
   0.4470561      0.5316098
   0.4503284      0.5449747
   0.4481927      0.5359243
   0.4416481      0.5359243
   0.4449204      0.5449747
   0.4536006      0.5488384
   0.4536006      0.5359243
   0.4470561      0.5359243
   0.4470561      0.5488384
   0.4479763      0.5581490
   0.4418898      0.5630361
   0.4654352      0.5602223
   0.4654352      0.5536778
   0.4582492      0.5536778
   0.4582492      0.5602223
   0.4582492      0.5536778
   0.4518780      0.5602223
   0.4582492      0.5602223
   0.4518780      0.5536778
   0.4536006      0.5621702
   0.4470561      0.5621702
   0.4470561      0.5747244
   0.4337999      0.5602223
   0.4455045      0.5536778
   0.4337999      0.5536778
   0.4536006      0.5747244
   0.4455045      0.5602223
   0.4455045      0.5536778
   0.4337999      0.5602223
   0.4654352      0.5602177
   0.4644879      0.5488384
   0.4403535      0.5528754
   0.4654352      0.5602177
   0.4307609      0.5488384
   0.4298136      0.5602177
   0.4517162      0.5621340
   0.4307609      0.5488384
   0.4644879      0.5602223
   0.4644879      0.5536778
   0.4426452      0.5502279
   0.4426452      0.5502279
   0.4403535      0.5563580
   0.4644879      0.5602223
   0.4298136      0.5536778
   0.4298136      0.5602223
   0.4540079      0.5566898
   0.4540079      0.5566898
   0.4517162      0.5505596
   0.4298136      0.5536778
   0.4403535      0.5563580
   0.4426452      0.5502279
   0.4314827      0.5482699
   0.4314827      0.5482699
   0.4298136      0.5545980
   0.4403535      0.5563580
   0.4526036      0.5528754
   0.4517162      0.5621340
   0.4628501      0.5630361
   0.4628501      0.5630361
   0.4637660      0.5581490
   0.4526036      0.5528754
   0.4517162      0.5505596
   0.4540079      0.5566898
   0.4645192      0.5548397
   0.4645192      0.5548397
   0.4628501      0.5485115
   0.4517162      0.5505596
   0.4412408      0.5621340
   0.4403535      0.5528754
   0.4298136      0.5581490
   0.4298136      0.5581490
   0.4307296      0.5662459
   0.4412408      0.5621340

 0 0 0 0    .... footer bytes
 17   1 0 [ 7 ]  18   [ 6 ] 
 18   [ 8 ] 
 1   [type identifier]   tell says: 2868 
246   [Number of vertices]
   0.0000000      0.0000000
   0.0000000      0.0000000
   0.0000000      0.0000000
   0.0000000      0.0000000
   0.0000000      0.0000000
   0.0000000      0.0000000
   0.0000000      0.0000000
   0.0000000      0.0000000
   0.0000000      0.0000000
   0.0000000      0.0000000
   0.0000000      0.0000000
   0.0000000      0.0000000
   0.0000000      0.0000000
   0.0000000      0.0000000
   0.0000000      0.0000000
   0.0000000      0.0000000
   0.0000000      0.0000000
   0.0000000      0.0000000
   0.0000000      0.0000000
   0.0000000      0.0000000
   0.0000000      0.0000000
   0.0000000      0.0000000
   0.0000000      0.0000000
   0.0000000      0.0000000
   0.0000000      0.0000000
   0.0000000      0.0000000
   0.0000000      0.0000000
   0.0000000      0.0000000
   0.0000000      0.0000000
   0.0000000      0.0000000
   0.0000000      0.0000000
   0.0000000      0.0000000
   0.0000000      0.0000000
   0.0000000      0.0000000
   0.0000000      0.0000000
   0.0000000      0.0000000
   0.0000000      0.0000000
   0.0000000      0.0000000
   0.0000000      0.0000000
   0.0000000      0.0000000
   0.0000000      0.0000000
   0.0000000      0.0000000
   0.0000000      0.0000000
   0.0000000      0.0000000
   0.0000000      0.0000000
   0.0000000      0.0000000
   0.0000000      0.0000000
   0.0000000      0.0000000
   0.0000000      0.0000000
   0.0000000      0.0000000
   0.0000000      0.0000000
   0.0000000      0.0000000
   0.0000000      0.0000000
   0.0000000      0.0000000
   0.0000000      0.0000000
   0.0000000      0.0000000
   0.0000000      0.0000000
   0.0000000      0.0000000
   0.0000000      0.0000000
   0.0000000      0.0000000
   0.0000000      0.0000000
   0.0000000      0.0000000
   0.0000000      0.0000000
   0.0000000      0.0000000
   0.0000000      0.0000000
   0.0000000      0.0000000
   0.0000000      0.0000000
   0.0000000      0.0000000
   0.0000000      0.0000000
   0.0000000      0.0000000
   0.0000000      0.0000000
   0.0000000      0.0000000
   0.0000000      0.0000000
   0.0000000      0.0000000
   0.0000000      0.0000000
   0.0000000      0.0000000
   0.0000000      0.0000000
   0.0000000      0.0000000
   0.0000000      0.0000000
   0.0000000      0.0000000
   0.0000000      0.0000000
   0.0000000      0.0000000
   0.0000000      0.0000000
   0.0000000      0.0000000
   0.0000000      0.0000000
   0.0000000      0.0000000
   0.0000000      0.0000000
   0.0000000      0.0000000
   0.0000000      0.0000000
   0.0000000      0.0000000
   0.0000000      0.0000000
   0.0000000      0.0000000
   0.0000000      0.0000000
   0.0000000      0.0000000
   0.0000000      0.0000000
   0.0000000      0.0000000
   0.0000000      0.0000000
   0.0000000      0.0000000
   0.0000000      0.0000000
   0.0000000      0.0000000
   0.0000000      0.0000000
   0.0000000      0.0000000
   0.0000000      0.0000000
   0.0000000      0.0000000
   0.0000000      0.0000000
   0.0000000      0.0000000
   0.0000000      0.0000000
   0.0000000      0.0000000
   0.0000000      0.0000000
   0.0000000      0.0000000
   0.0000000      0.0000000
   0.0000000      0.0000000
   0.0000000      0.0000000
   0.0000000      0.0000000
   0.0000000      0.0000000
   0.0000000      0.0000000
   0.0000000      0.0000000
   0.0000000      0.0000000
   0.0000000      0.0000000
   0.0000000      0.0000000
   0.0000000      0.0000000
   0.0000000      0.0000000
   0.0000000      0.0000000
   0.0000000      0.0000000
   0.0000000      0.0000000
   0.0000000      0.0000000
   0.0000000      0.0000000
   0.0000000      0.0000000
   0.0000000      0.0000000
   0.0000000      0.0000000
   0.0000000      0.0000000
   0.0000000      0.0000000
   0.0000000      0.0000000
   0.0000000      0.0000000
   0.0000000      0.0000000
   0.0000000      0.0000000
   0.0000000      0.0000000
   0.0000000      0.0000000
   0.0000000      0.0000000
   0.0000000      0.0000000
   0.0000000      0.0000000
   0.0000000      0.0000000
   0.0000000      0.0000000
   0.0000000      0.0000000
   0.0000000      0.0000000
   0.0000000      0.0000000
   0.0000000      0.0000000
   0.0000000      0.0000000
   0.0000000      0.0000000
   0.0000000      0.0000000
   0.0000000      0.0000000
   0.0000000      0.0000000
   0.0000000      0.0000000
   0.0000000      0.0000000
   0.0000000      0.0000000
   0.0000000      0.0000000
   0.0000000      0.0000000
   0.0000000      0.0000000
   0.0000000      0.0000000
   0.0000000      0.0000000
   0.0000000      0.0000000
   0.0000000      0.0000000
   0.0000000      0.0000000
   0.0000000      0.0000000
   0.0000000      0.0000000
   0.0000000      0.0000000
   0.0000000      0.0000000
   0.0000000      0.0000000
   0.0000000      0.0000000
   0.0000000      0.0000000
   0.0000000      0.0000000
   0.0000000      0.0000000
   0.0000000      0.0000000
   0.0000000      0.0000000
   0.0000000      0.0000000
   0.0000000      0.0000000
   0.0000000      0.0000000
   0.0000000      0.0000000
   0.0000000      0.0000000
   0.0000000      0.0000000
   0.0000000      0.0000000
   0.0000000      0.0000000
   0.0000000      0.0000000
   0.0000000      0.0000000
   0.0000000      0.0000000
   0.0000000      0.0000000
   0.0000000      0.0000000
   0.0000000      0.0000000
   0.0000000      0.0000000
   0.0000000      0.0000000
   0.0000000      0.0000000
   0.0000000      0.0000000
   0.0000000      0.0000000
   0.0000000      0.0000000
   0.0000000      0.0000000
   0.0000000      0.0000000
   0.0000000      0.0000000
   0.0000000      0.0000000
   0.0000000      0.0000000
   0.0000000      0.0000000
   0.0000000      0.0000000
   0.0000000      0.0000000
   0.0000000      0.0000000
   0.0000000      0.0000000
   0.0000000      0.0000000
   0.0000000      0.0000000
   0.0000000      0.0000000
   0.0000000      0.0000000
   0.0000000      0.0000000
   0.0000000      0.0000000
   0.0000000      0.0000000
   0.0000000      0.0000000
   0.0000000      0.0000000
   0.0000000      0.0000000
   0.0000000      0.0000000
   0.0000000      0.0000000
   0.0000000      0.0000000
   0.0000000      0.0000000
   0.0000000      0.0000000
   0.0000000      0.0000000
   0.0000000      0.0000000
   0.0000000      0.0000000
   0.0000000      0.0000000
   0.0000000      0.0000000
   0.0000000      0.0000000
   0.0000000      0.0000000
   0.0000000      0.0000000
   0.0000000      0.0000000
   0.0000000      0.0000000
   0.0000000      0.0000000
   0.0000000      0.0000000
   0.0000000      0.0000000
   0.0000000      0.0000000
   0.0000000      0.0000000
   0.0000000      0.0000000
   0.0000000      0.0000000
   0.0000000      0.0000000
   0.0000000      0.0000000
   0.0000000      0.0000000
   0.0000000      0.0000000
   0.0000000      0.0000000
   0.0000000      0.0000000
   0.0000000      0.0000000
   0.0000000      0.0000000
   0.0000000      0.0000000
   0.0000000      0.0000000

 0 0 0 0    .... footer bytes
 17   [ 9 ]  18   [ 8 ] 
 0      .....pad
1   [Number of floattriplesgroups]
 0      .....pad
 23   1 0 [ 10 ] 
 0   [type identifier]   tell says: 4876 
 0      .....pad
246   [Number of vertices]
  -2.9682260      2.9712019     -0.0949345
  -0.0326224      2.9712019     -0.0949345
  -2.9682260      2.9712019      0.1144918
  -0.0326224      2.9712019      0.1144918
  -2.9682260     -2.9712019     -0.0949345
  -2.9682260     -2.9712019      0.1144918
  -0.3766481     -0.2550521     -0.0491682
  -0.0194035     -0.2524975      0.0281587
  -0.0637087     -0.2625534      0.2328449
  -0.3731555     -0.2658032      0.1658640
  -0.3780083     -1.1253414     -0.0494626
  -0.7634658     -1.1050669     -0.1328963
  -0.7658647     -2.4175601     -0.1240991
  -1.4779301     -2.5712099     -0.2875447
  -1.4726336     -2.9712019     -0.2863983
  -1.4855069     -2.9712019     -0.0749086
  -1.4543144     -2.5412138     -0.0681569
  -0.7377937     -2.3012853      0.0679442
  -0.7401651     -1.1264627      0.0864234
  -0.3746622     -1.1271269      0.1655378
  -0.2025442     -0.5585495      0.0713265
  -1.0560123     -2.7434547      0.0735672
  -0.3740615     -0.7836843      0.1656679
  -0.3774562     -0.7721365     -0.0493431
  -0.1725710     -1.1475453      0.1265921
  -0.1950635     -1.1483262      0.2178928
  -0.1948238     -0.9981397      0.2180146
  -0.1723509     -0.9930900      0.1267040
  -0.0326224      2.9712019      0.1144918
  -0.0326224      2.9712019     -0.0949345
  -2.9682260      2.9712019     -0.0949345
  -2.9682260      2.9712019      0.1144918
  -0.0194035     -0.2524975      0.0281587
  -0.0326224      2.9712019     -0.0949345
  -2.9682260     -2.9712019     -0.0949345
  -2.9682260      2.9712019     -0.0949345
  -1.4726336     -2.9712019     -0.2863983
  -2.9682260     -2.9712019     -0.0949345
  -2.9682260     -2.9712019      0.1144918
  -1.4855069     -2.9712019     -0.0749086
  -2.9682260     -2.9712019      0.1144918
  -0.0326224      2.9712019      0.1144918
  -0.0637087     -0.2625534      0.2328449
  -2.9682260      2.9712019      0.1144918
  -0.3746622     -1.1271269      0.1655378
  -0.3780083     -1.1253414     -0.0494626
  -0.7634658     -1.1050669     -0.1328963
  -0.7401651     -1.1264627      0.0864234
  -0.3746622     -1.1271269      0.1655378
  -0.7634658     -1.1050669     -0.1328963
  -0.7401651     -1.1264627      0.0864234
  -0.7634658     -1.1050669     -0.1328963
  -0.7377937     -2.3012853      0.0679442
  -0.7634658     -1.1050669     -0.1328963
  -0.7658647     -2.4175601     -0.1240991
  -0.7377937     -2.3012853      0.0679442
  -1.4779301     -2.5712099     -0.2875447
  -1.4726336     -2.9712019     -0.2863983
  -1.4855069     -2.9712019     -0.0749086
  -1.4543144     -2.5412138     -0.0681569
  -1.4779301     -2.5712099     -0.2875447
  -1.4855069     -2.9712019     -0.0749086
  -0.0637087     -0.2625534      0.2328449
  -0.0194035     -0.2524975      0.0281587
  -0.0194035     -0.2524975      0.0281587
  -0.3766481     -0.2550521     -0.0491682
  -0.2025442     -0.5585495      0.0713265
  -0.3731555     -0.2658032      0.1658640
  -0.0637087     -0.2625534      0.2328449
  -0.2025442     -0.5585495      0.0713265
  -0.3766481     -0.2550521     -0.0491682
  -0.3731555     -0.2658032      0.1658640
  -0.2025442     -0.5585495      0.0713265
  -0.7658647     -2.4175601     -0.1240991
  -1.4779301     -2.5712099     -0.2875447
  -1.4543144     -2.5412138     -0.0681569
  -0.7377937     -2.3012853      0.0679442
  -1.0560123     -2.7434547      0.0735672
  -0.7377937     -2.3012853      0.0679442
  -0.7658647     -2.4175601     -0.1240991
  -1.0560123     -2.7434547      0.0735672
  -1.4779301     -2.5712099     -0.2875447
  -1.4543144     -2.5412138     -0.0681569
  -1.0560123     -2.7434547      0.0735672
  -0.3740615     -0.7836843      0.1656679
  -0.3731555     -0.2658032      0.1658640
  -0.3766481     -0.2550521     -0.0491682
  -0.3774562     -0.7721365     -0.0493431
  -0.3774562     -0.7721365     -0.0493431
  -0.3780083     -1.1253414     -0.0494626
  -0.1725710     -1.1475453      0.1265921
  -0.1723509     -0.9930900      0.1267040
  -0.3746622     -1.1271269      0.1655378
  -0.3740615     -0.7836843      0.1656679
  -0.1948238     -0.9981397      0.2180146
  -0.1950635     -1.1483262      0.2178928
  -0.3740615     -0.7836843      0.1656679
  -0.3774562     -0.7721365     -0.0493431
  -0.1723509     -0.9930900      0.1267040
  -0.1723509     -0.9930900      0.1267040
  -0.1948238     -0.9981397      0.2180146
  -0.3740615     -0.7836843      0.1656679
  -0.3780083     -1.1253414     -0.0494626
  -0.3746622     -1.1271269      0.1655378
  -0.1950635     -1.1483262      0.2178928
  -0.1950635     -1.1483262      0.2178928
  -0.1725710     -1.1475453      0.1265921
  -0.3780083     -1.1253414     -0.0494626
   2.9682260      2.9712019     -0.0949342
   0.0326224      2.9712019     -0.0949342
   2.9682260      2.9712019      0.1144920
   0.0326224      2.9712019      0.1144920
   2.9682260     -2.9712019     -0.0949347
   0.0326224     -2.9712019     -0.0949347
   2.9682260     -2.9712019      0.1144912
   0.0326224     -2.9712019      0.1144912
   0.0326224     -0.2174877     -0.0949345
   0.3781455     -0.2159788     -0.0949345
   0.6558534     -0.6436540      0.0097784
   0.7694774     -0.3540408     -0.0949345
   1.0146377     -0.7672929     -0.0949345
   1.0449513     -1.1314309     -0.0949346
   0.8149981     -1.3274958     -0.0949346
   0.6111228     -1.1939116     -0.0949346
   0.4071687     -1.5956434     -0.0949346
   0.0326224     -1.6669308     -0.0949346
   0.0326224     -1.6697085      0.1144914
   0.0326224     -0.2109709      0.1144916
   0.3781455     -0.2159789      0.1144914
   0.7694774     -0.3540408      0.1144914
   1.0146377     -0.7672929      0.1144913
   1.0449513     -1.1314309      0.1144912
   0.8149981     -1.3274958      0.1144912
   0.6111228     -1.1939116      0.1144912
   0.4071687     -1.5956434      0.1144911
   0.2423381     -0.8964772      0.0287224
   0.2707325     -1.1927505      0.0181075
   0.3156722     -0.8964772      0.2248889
   0.3440666     -1.1927505      0.2142740
  -0.0949394     -1.0652306      0.0850435
  -0.0656282     -1.3243319      0.0773123
  -0.0415279     -1.0652306      0.2875438
  -0.0122167     -1.2216191      0.2798126
   0.0326224      2.9712019     -0.0949342
   0.0326224      2.9712019      0.1144920
   2.9682260      2.9712019     -0.0949342
   2.9682260     -2.9712019     -0.0949347
   2.9682260      2.9712019      0.1144920
   2.9682260     -2.9712019      0.1144912
   2.9682260      2.9712019     -0.0949342
   0.0326224      2.9712019     -0.0949342
   0.7694774     -0.3540408     -0.0949345
   0.3781455     -0.2159788     -0.0949345
   0.0326224     -0.2174877     -0.0949345
   0.0326224     -2.9712019     -0.0949347
   2.9682260     -2.9712019     -0.0949347
   0.0326224     -2.9712019      0.1144912
   0.0326224     -2.9712019     -0.0949347
   0.0326224     -1.6669308     -0.0949346
   0.0326224      2.9712019      0.1144920
   2.9682260      2.9712019      0.1144920
   0.6558534     -0.6436540      0.0097784
   0.0326224     -0.2109709      0.1144916
   0.0326224     -2.9712019      0.1144912
   0.0326224     -1.6697085      0.1144914
   2.9682260     -2.9712019      0.1144912
   0.0326224     -0.2174877     -0.0949345
   0.0326224     -0.2109709      0.1144916
   0.3781455     -0.2159789      0.1144914
   0.3781455     -0.2159788     -0.0949345
   0.0326224     -0.2174877     -0.0949345
   0.3781455     -0.2159789      0.1144914
   0.3781455     -0.2159788     -0.0949345
   0.3781455     -0.2159789      0.1144914
   0.6558534     -0.6436540      0.0097784
   0.7694774     -0.3540408      0.1144914
   0.7694774     -0.3540408     -0.0949345
   0.6558534     -0.6436540      0.0097784
   1.0146377     -0.7672929     -0.0949345
   0.7694774     -0.3540408     -0.0949345
   0.7694774     -0.3540408      0.1144914
   1.0146377     -0.7672929      0.1144913
  -0.0949394     -1.0652306      0.0850435
  -0.0122167     -1.2216191      0.2798126
   1.0449513     -1.1314309     -0.0949346
   1.0449513     -1.1314309      0.1144912
   0.8149981     -1.3274958      0.1144912
   0.8149981     -1.3274958     -0.0949346
   0.8149981     -1.3274958      0.1144912
   0.6111228     -1.1939116     -0.0949346
   0.8149981     -1.3274958     -0.0949346
   0.6111228     -1.1939116      0.1144912
   0.6111228     -1.1939116     -0.0949346
   0.6111228     -1.1939116      0.1144912
   0.4071687     -1.5956434      0.1144911
   0.0326224     -1.6669308     -0.0949346
   0.4071687     -1.5956434      0.1144911
   0.0326224     -1.6697085      0.1144914
   0.4071687     -1.5956434     -0.0949346
   0.4071687     -1.5956434     -0.0949346
   0.4071687     -1.5956434      0.1144911
   0.0326224     -1.6669308     -0.0949346
   1.0449513     -1.1314309     -0.0949346
   1.0146377     -0.7672929     -0.0949345
   0.2423381     -0.8964772      0.0287224
   1.0449513     -1.1314309     -0.0949346
   1.0146377     -0.7672929      0.1144913
   1.0449513     -1.1314309      0.1144912
   0.3440666     -1.1927505      0.2142740
   1.0146377     -0.7672929      0.1144913
   1.0146377     -0.7672929     -0.0949345
   1.0146377     -0.7672929      0.1144913
   0.3156722     -0.8964772      0.2248889
   0.3156722     -0.8964772      0.2248889
   0.2423381     -0.8964772      0.0287224
   1.0146377     -0.7672929     -0.0949345
   1.0449513     -1.1314309      0.1144912
   1.0449513     -1.1314309     -0.0949346
   0.2707325     -1.1927505      0.0181075
   0.2707325     -1.1927505      0.0181075
   0.3440666     -1.1927505      0.2142740
   1.0449513     -1.1314309      0.1144912
   0.2423381     -0.8964772      0.0287224
   0.3156722     -0.8964772      0.2248889
  -0.0415279     -1.0652306      0.2875438
  -0.0415279     -1.0652306      0.2875438
  -0.0949394     -1.0652306      0.0850435
   0.2423381     -0.8964772      0.0287224
   0.3156722     -0.8964772      0.2248889
   0.3440666     -1.1927505      0.2142740
  -0.0122167     -1.2216191      0.2798126
  -0.0122167     -1.2216191      0.2798126
  -0.0415279     -1.0652306      0.2875438
   0.3156722     -0.8964772      0.2248889
   0.3440666     -1.1927505      0.2142740
   0.2707325     -1.1927505      0.0181075
  -0.0656282     -1.3243319      0.0773123
  -0.0656282     -1.3243319      0.0773123
  -0.0122167     -1.2216191      0.2798126
   0.3440666     -1.1927505      0.2142740
   0.2707325     -1.1927505      0.0181075
   0.2423381     -0.8964772      0.0287224
  -0.0949394     -1.0652306      0.0850435
  -0.0949394     -1.0652306      0.0850435
  -0.0656282     -1.3243319      0.0773123
   0.2707325     -1.1927505      0.0181075

 0 0 0 0    .... footer bytes
 22   1 0 [ 11 ]  23   [ 10 ] 
 0      .....pad
7   [Number of bytequadgroups]
 0      .....pad
 28   1 0 [ 12 ] 
 3   [type identifier]   tell says: 7872 
 0      .....pad
246   [Number of vertices]
 127  255  127    0
 127  255  127    0
 127  255  127    0
 127  255  127    0
 127  127    0    0
 127  127    0    0
   1  127  143    0
 154  129  252    0
 141  127  254    0
 250  131   95    0
   2  127  154    0
   0  129  142    0
   0  132  138    0
   0  131  125    0
   1  126  111    0
 127    0  127    0
 254  117  132    0
 252  125  104    0
 254  124  113    0
 252  127  100    0
 148   65  236    0
  41   41  165    0
 252  127  100    0
   2  127  154    0
 157  127  251    0
 157  127  251    0
 157  127  251    0
 157  127  251    0
 127  126  254    0
 141  127  254    0
 127  127    0    0
 127  127    0    0
   2  122  154    0
   0  124  141    0
   1  127  111    0
   0  130  130    0
 127    0  127    0
 127    0  127    0
 127    0  127    0
 253  124  143    0
 253  118  140    0
 252  130  104    0
 252  132  100    0
 254  127  128    0
 126    0  121    0
 126    0  121    0
 126    0  121    0
 114    0  130    0
 114    0  130    0
 114    0  130    0
 114  127  254    0
 114  127  254    0
 114  127  254    0
 109  127  253    0
 109  127  253    0
 109  127  253    0
 135  129  254    0
 135  129  254    0
 135  129  254    0
 115  118  254    0
 115  118  254    0
 115  118  254    0
 148   65  236    0
 148   65  236    0
   7   94  153    0
   7   94  153    0
   7   94  153    0
 241   76  103    0
 241   76  103    0
 241   76  103    0
 126   63   17    0
 126   63   17    0
 126   63   17    0
  41   41  165    0
  41   41  165    0
 248  151   96    0
 248  151   96    0
 248  151   96    0
 156   55  228    0
 156   55  228    0
 156   55  228    0
 149   18   64    0
 149   18   64    0
 149   18   64    0
 125  127  254    0
 125  127  254    0
 125  127  254    0
 125  127  254    0
  30  127  210    0
  30  127  210    0
  30  127  210    0
  30  127  210    0
 249  127   91    0
 249  127   91    0
 249  127   91    0
 249  127   91    0
 130  215  219    0
 130  215  219    0
 130  215  219    0
 154  211  219    0
 154  211  219    0
 154  211  219    0
 126    0  112    0
 126    0  112    0
 126    0  112    0
 123    0  116    0
 123    0  116    0
 123    0  116    0
 127  255  127    0
 127  255  127    0
 127  255  127    0
 127  255  127    0
 127    0  127    0
 127    0  127    0
 127    0  127    0
 127    0  127    0
 127  127    0    0
   0  114  122    0
   6   89  113    0
   0  117  124    0
   0  127  127    0
   0  127  127    0
   0  127  127    0
   0  127  127    0
   0  127  127    0
   0  127  127    0
 127  127    0    0
 127  127    0    0
 254  114  122    0
 254  117  124    0
 255  127  127    0
 255  127  127    0
 255  127  127    0
 255  127  127    0
 255  127  127    0
   1  125  107    0
   1  130  108    0
 253  124  147    0
 253  128  145    0
 159  103    6    0
 166  112    7    0
 159  103    6    0
 159  103    6    0
 127  127    0    0
 127  127    0    0
 127  127  255    0
 127  127  255    0
 127  127  255    0
 127  127  255    0
   0  127  127    0
   0  127  127    0
   0  117  124    0
   0  114  122    0
   0  127  127    0
   0  127  127    0
   0  127  127    0
 127  127    0    0
 127  127    0    0
 127  127    0    0
 255  127  127    0
 255  127  127    0
 248   89  113    0
 255  127  127    0
 255  127  127    0
 255  127  127    0
 255  127  127    0
 131    0  125    0
 131    0  125    0
 131    0  125    0
 127    0  128    0
 127    0  128    0
 127    0  128    0
 127   58   20    0
 127   58   20    0
 127   58   20    0
 127   80  246    0
 127   80  246    0
 127   80  246    0
 127   62   17    0
 127   62   17    0
 127   62   17    0
 127   62   17    0
 166  112    7    0
 166  112    7    0
 127  224   44    0
 127  224   44    0
 127  224   44    0
 127  224   44    0
 127  234  197    0
 127  234  197    0
 127  234  197    0
 127  234  197    0
 127  185   13    0
 127  185   13    0
 127  185   13    0
 129  252  102    0
 129  252  102    0
 129  252  102    0
 127  185   13    0
 127  252  103    0
 127  252  103    0
 127  252  103    0
   1  125  107    0
   1  125  107    0
   1  130  108    0
   1  130  108    0
 253  128  145    0
 253  128  145    0
 253  124  147    0
 253  124  147    0
 127  252  104    0
 127  252  104    0
 127  252  104    0
 134  253  107    0
 134  253  107    0
 134  253  107    0
 127    0  137    0
 127    0  137    0
 127    0  137    0
 123    0  138    0
 123    0  138    0
 123    0  138    0
 146  242   76    0
 146  242   76    0
 146  242   76    0
 141  241   72    0
 141  241   72    0
 141  241   72    0
 252  125  150    0
 252  125  150    0
 252  125  150    0
 252  125  150    0
 252  125  150    0
 252  125  150    0
 111    8  171    0
 111    8  171    0
 111    8  171    0
 180   13  146    0
 180   13  146    0
 180   13  146    0
   1  129  105    0
   1  129  105    0
   1  129  105    0
   2  128  104    0
   2  128  104    0
   2  128  104    0

 0 0 0 0    .... footer bytes
 27   1 0 [ 13 ]  28   [ 12 ]    tell says: 8880 
 28   [ 14 ] 
 10   [type identifier]   tell says: 8890 
246   [Number of vertices]
 255  127  127    0
 255  127  127    0
 255  127  127    0
 255  127  127    0
 255  127  127    0
 255  127  127    0
 111  127    1    0
   2  127  154    0
   0  127  141    0
 159  127  251    0
 100  127    2    0
 112  128    0    0
 116  127    0    0
 129  126    0    0
 143  127    1    0
 252  127  101    0
 122  132  254    0
 150  143  251    0
 141  129  254    0
 154  127  252    0
 252  127  103    0
 143  164  248    0
 154  127  252    0
 100  127    2    0
 251  127   97    0
 251  127   97    0
 251  127   97    0
 251  127   97    0
   0  127  127    0
   0  127  141    0
 255  127  127    0
 255  127  127    0
 100  127    2    0
 113  127    0    0
 143  127    1    0
 124  127    0    0
 254  127  114    0
 255  127  127    0
 254  127  114    0
 111  127  253    0
 114  127  254    0
 150  127  252    0
 154  127  252    0
 126  127  254    0
 127  121  254    0
 127  121  254    0
 127  121  254    0
 127  130  254    0
 127  130  254    0
 127  130  254    0
   0  127  114    0
   0  127  114    0
   0  127  114    0
   1  127  109    0
   1  127  109    0
   1  127  109    0
   0  127  135    0
   0  127  135    0
   0  127  135    0
   0  127  115    0
   0  127  115    0
   0  127  115    0
 252  127  103    0
 252  127  103    0
 100  127    2    0
 100  127    2    0
 100  127    2    0
 101  127    2    0
 101  127    2    0
 101  127    2    0
 254  127  125    0
 254  127  125    0
 254  127  125    0
 143  164  248    0
 143  164  248    0
 149  168  246    0
 149  168  246    0
 149  168  246    0
   3  118  156    0
   3  118  156    0
   3  118  156    0
 252  139  150    0
 252  139  150    0
 252  139  150    0
   0  127  125    0
   0  127  125    0
   0  127  125    0
   0  127  125    0
  44  127   30    0
  44  127   30    0
  44  127   30    0
  44  127   30    0
  91  127    5    0
  91  127    5    0
  91  127    5    0
  91  127    5    0
 254  127  122    0
 254  127  122    0
 254  127  122    0
 249  127   91    0
 249  127   91    0
 249  127   91    0
 127  112  254    0
 127  112  254    0
 127  112  254    0
 127  116  254    0
 127  116  254    0
 127  116  254    0
 255  127  127    0
 255  127  127    0
 255  127  127    0
 255  127  127    0
 255  127  127    0
 255  127  127    0
 255  127  127    0
 255  127  127    0
   0  129  127    0
 122  127  254    0
 141  127    0    0
 124  127  254    0
 127  127  255    0
 127  127  255    0
 127  127  255    0
 127  127  255    0
 127  127  255    0
 127  127  255    0
   0  126  127    0
   0  131  127    0
 132  126  254    0
 130  127  254    0
 127  127  255    0
 127  127  255    0
 127  127  255    0
 127  127  255    0
 127  127  254    0
 147  127    1    0
 146  127    1    0
 107  127  253    0
 109  127  253    0
 250  127  160    0
 248  127  167    0
 250  127  160    0
 250  127  160    0
   0  127  127    0
   0  129  127    0
 255  127  127    0
 255  127  127    0
 255  127  127    0
 255  127  127    0
 127  127  255    0
 127  127  255    0
 130  127    0    0
 132  127    0    0
 127  127  255    0
 127  127  255    0
 127  127  255    0
   0  127  127    0
   0  126  127    0
   0  125  127    0
 127  126  254    0
 127  127  255    0
 141  127  254    0
 127  125  254    0
 127  127  254    0
 127  128  254    0
 127  127  255    0
 127  125  254    0
 127  125  254    0
 127  125  254    0
 127  128  254    0
 127  128  254    0
 127  128  254    0
 255  127  127    0
 255  127  127    0
 255  127  127    0
   0  127  127    0
   0  127  127    0
   0  127  127    0
 255  127  127    0
 255  127  127    0
 255  127  127    0
 255  127  127    0
 248  127  167    0
 248  127  167    0
 127   44   30    0
 127   44   30    0
 127   44   30    0
 127   44   30    0
 127  197   20    0
 127  197   20    0
 127  197   20    0
 127  197   20    0
 255  127  127    0
 255  127  127    0
 255  127  127    0
 127  102    2    0
 127  102    2    0
 127  102    2    0
 255  127  127    0
 127  103    2    0
 127  103    2    0
 127  103    2    0
 147  127    1    0
 147  127    1    0
 146  127    1    0
 146  127    1    0
 109  127  253    0
 109  127  253    0
 107  127  253    0
 107  127  253    0
 127  104    2    0
 127  104    2    0
 127  104    2    0
 127  107    1    0
 127  107    1    0
 127  107    1    0
 127  137  254    0
 127  137  254    0
 127  137  254    0
 127  138  254    0
 127  138  254    0
 127  138  254    0
 127   75   10    0
 127   75   10    0
 127   75   10    0
 127   72   12    0
 127   72   12    0
 127   72   12    0
 104  127  252    0
 104  127  252    0
 104  127  252    0
 104  127  252    0
 104  127  252    0
 104  127  252    0
 127  171  247    0
 127  171  247    0
 127  171  247    0
 127  148  253    0
 127  148  253    0
 127  148  253    0
 149  127    1    0
 149  127    1    0
 149  127    1    0
 150  127    2    0
 150  127    2    0
 150  127    2    0

 0 0 0 0    .... footer bytes
 27   [ 15 ]  28   [ 14 ]    tell says: 9894 
 28   [ 16 ] 
 8   [type identifier]   tell says: 9904 
246   [Number of vertices]
   0    0    0  255
   0    0    0  255
   0    0    0  255
   0    0    0  255
   0    0    0  255
   0    0    0  255
   0    0    0  255
   0    0    0  255
   0    0    0  255
   0    0    0  255
   0    0    0  255
   0    0    0  255
   0    0    0  255
   0    0    0  255
   0    0    0  255
   0    0    0  255
   0    0    0  255
   0    0    0  255
   0    0    0  255
   0    0    0  255
   0    0    0  255
   0    0    0  255
   0    0    0  255
   0    0    0  255
   0    0    0  255
   0    0    0  255
   0    0    0  255
   0    0    0  255
   0    0    0  255
   0    0    0  255
   0    0    0  255
   0    0    0  255
   0    0    0  255
   0    0    0  255
   0    0    0  255
   0    0    0  255
   0    0    0  255
   0    0    0  255
   0    0    0  255
   0    0    0  255
   0    0    0  255
   0    0    0  255
   0    0    0  255
   0    0    0  255
   0    0    0  255
   0    0    0  255
   0    0    0  255
   0    0    0  255
   0    0    0  255
   0    0    0  255
   0    0    0  255
   0    0    0  255
   0    0    0  255
   0    0    0  255
   0    0    0  255
   0    0    0  255
   0    0    0  255
   0    0    0  255
   0    0    0  255
   0    0    0  255
   0    0    0  255
   0    0    0  255
   0    0    0  255
   0    0    0  255
   0    0    0  255
   0    0    0  255
   0    0    0  255
   0    0    0  255
   0    0    0  255
   0    0    0  255
   0    0    0  255
   0    0    0  255
   0    0    0  255
   0    0    0  255
   0    0    0  255
   0    0    0  255
   0    0    0  255
   0    0    0  255
   0    0    0  255
   0    0    0  255
   0    0    0  255
   0    0    0  255
   0    0    0  255
   0    0    0  255
   0    0    0  255
   0    0    0  255
   0    0    0  255
   0    0    0  255
   0    0    0  255
   0    0    0  255
   0    0    0  255
   0    0    0  255
   0    0    0  255
   0    0    0  255
   0    0    0  255
   0    0    0  255
   0    0    0  255
   0    0    0  255
   0    0    0  255
   0    0    0  255
   0    0    0  255
   0    0    0  255
   0    0    0  255
   0    0    0  255
   0    0    0  255
   0    0    0  255
   0    0    0  255
   0    0    0  255
   0    0    0  255
   0    0    0  255
   0    0    0  255
   0    0    0  255
   0    0    0  255
   0    0    0  255
   0    0    0  255
   0    0    0  255
   0    0    0  255
   0    0    0  255
   0    0    0  255
   0    0    0  255
   0    0    0  255
   0    0    0  255
   0    0    0  255
   0    0    0  255
   0    0    0  255
   0    0    0  255
   0    0    0  255
   0    0    0  255
   0    0    0  255
   0    0    0  255
   0    0    0  255
   0    0    0  255
   0    0    0  255
   0    0    0  255
   0    0    0  255
   0    0    0  255
   0    0    0  255
   0    0    0  255
   0    0    0  255
   0    0    0  255
   0    0    0  255
   0    0    0  255
   0    0    0  255
   0    0    0  255
   0    0    0  255
   0    0    0  255
   0    0    0  255
   0    0    0  255
   0    0    0  255
   0    0    0  255
   0    0    0  255
   0    0    0  255
   0    0    0  255
   0    0    0  255
   0    0    0  255
   0    0    0  255
   0    0    0  255
   0    0    0  255
   0    0    0  255
   0    0    0  255
   0    0    0  255
   0    0    0  255
   0    0    0  255
   0    0    0  255
   0    0    0  255
   0    0    0  255
   0    0    0  255
   0    0    0  255
   0    0    0  255
   0    0    0  255
   0    0    0  255
   0    0    0  255
   0    0    0  255
   0    0    0  255
   0    0    0  255
   0    0    0  255
   0    0    0  255
   0    0    0  255
   0    0    0  255
   0    0    0  255
   0    0    0  255
   0    0    0  255
   0    0    0  255
   0    0    0  255
   0    0    0  255
   0    0    0  255
   0    0    0  255
   0    0    0  255
   0    0    0  255
   0    0    0  255
   0    0    0  255
   0    0    0  255
   0    0    0  255
   0    0    0  255
   0    0    0  255
   0    0    0  255
   0    0    0  255
   0    0    0  255
   0    0    0  255
   0    0    0  255
   0    0    0  255
   0    0    0  255
   0    0    0  255
   0    0    0  255
   0    0    0  255
   0    0    0  255
   0    0    0  255
   0    0    0  255
   0    0    0  255
   0    0    0  255
   0    0    0  255
   0    0    0  255
   0    0    0  255
   0    0    0  255
   0    0    0  255
   0    0    0  255
   0    0    0  255
   0    0    0  255
   0    0    0  255
   0    0    0  255
   0    0    0  255
   0    0    0  255
   0    0    0  255
   0    0    0  255
   0    0    0  255
   0    0    0  255
   0    0    0  255
   0    0    0  255
   0    0    0  255
   0    0    0  255
   0    0    0  255
   0    0    0  255
   0    0    0  255
   0    0    0  255
   0    0    0  255
   0    0    0  255
   0    0    0  255
   0    0    0  255
   0    0    0  255
   0    0    0  255
   0    0    0  255
   0    0    0  255
   0    0    0  255
   0    0    0  255
   0    0    0  255
   0    0    0  255

 0 0 0 0    .... footer bytes
 27   [ 17 ]  28   [ 16 ]    tell says: 10908 
 28   [ 18 ] 
 9   [type identifier]   tell says: 10918 
246   [Number of vertices]
   0    0    0    0
   0    0    0    0
   0    0    0    0
   0    0    0    0
   0    0    0    0
   0    0    0    0
   0    0    0    0
   0    0    0    0
   0    0    0    0
   0    0    0    0
   0    0    0    0
   0    0    0    0
   0    0    0    0
   0    0    0    0
   0    0    0    0
   0    0    0    0
   0    0    0    0
   0    0    0    0
   0    0    0    0
   0    0    0    0
   0    0    0    0
   0    0    0    0
   0    0    0    0
   0    0    0    0
   0    0    0    0
   0    0    0    0
   0    0    0    0
   0    0    0    0
   0    0    0    0
   0    0    0    0
   0    0    0    0
   0    0    0    0
   0    0    0    0
   0    0    0    0
   0    0    0    0
   0    0    0    0
   0    0    0    0
   0    0    0    0
   0    0    0    0
   0    0    0    0
   0    0    0    0
   0    0    0    0
   0    0    0    0
   0    0    0    0
   0    0    0    0
   0    0    0    0
   0    0    0    0
   0    0    0    0
   0    0    0    0
   0    0    0    0
   0    0    0    0
   0    0    0    0
   0    0    0    0
   0    0    0    0
   0    0    0    0
   0    0    0    0
   0    0    0    0
   0    0    0    0
   0    0    0    0
   0    0    0    0
   0    0    0    0
   0    0    0    0
   0    0    0    0
   0    0    0    0
   0    0    0    0
   0    0    0    0
   0    0    0    0
   0    0    0    0
   0    0    0    0
   0    0    0    0
   0    0    0    0
   0    0    0    0
   0    0    0    0
   0    0    0    0
   0    0    0    0
   0    0    0    0
   0    0    0    0
   0    0    0    0
   0    0    0    0
   0    0    0    0
   0    0    0    0
   0    0    0    0
   0    0    0    0
   0    0    0    0
   0    0    0    0
   0    0    0    0
   0    0    0    0
   0    0    0    0
   0    0    0    0
   0    0    0    0
   0    0    0    0
   0    0    0    0
   0    0    0    0
   0    0    0    0
   0    0    0    0
   0    0    0    0
   0    0    0    0
   0    0    0    0
   0    0    0    0
   0    0    0    0
   0    0    0    0
   0    0    0    0
   0    0    0    0
   0    0    0    0
   0    0    0    0
   0    0    0    0
   0    0    0    0
   0    0    0    0
   0    0    0    0
   0    0    0    0
   0    0    0    0
   0    0    0    0
   0    0    0    0
   0    0    0    0
   0    0    0    0
   0    0    0    0
   0    0    0    0
   0    0    0    0
   0    0    0    0
   0    0    0    0
   0    0    0    0
   0    0    0    0
   0    0    0    0
   0    0    0    0
   0    0    0    0
   0    0    0    0
   0    0    0    0
   0    0    0    0
   0    0    0    0
   0    0    0    0
   0    0    0    0
   0    0    0    0
   0    0    0    0
   0    0    0    0
   0    0    0    0
   0    0    0    0
   0    0    0    0
   0    0    0    0
   0    0    0    0
   0    0    0    0
   0    0    0    0
   0    0    0    0
   0    0    0    0
   0    0    0    0
   0    0    0    0
   0    0    0    0
   0    0    0    0
   0    0    0    0
   0    0    0    0
   0    0    0    0
   0    0    0    0
   0    0    0    0
   0    0    0    0
   0    0    0    0
   0    0    0    0
   0    0    0    0
   0    0    0    0
   0    0    0    0
   0    0    0    0
   0    0    0    0
   0    0    0    0
   0    0    0    0
   0    0    0    0
   0    0    0    0
   0    0    0    0
   0    0    0    0
   0    0    0    0
   0    0    0    0
   0    0    0    0
   0    0    0    0
   0    0    0    0
   0    0    0    0
   0    0    0    0
   0    0    0    0
   0    0    0    0
   0    0    0    0
   0    0    0    0
   0    0    0    0
   0    0    0    0
   0    0    0    0
   0    0    0    0
   0    0    0    0
   0    0    0    0
   0    0    0    0
   0    0    0    0
   0    0    0    0
   0    0    0    0
   0    0    0    0
   0    0    0    0
   0    0    0    0
   0    0    0    0
   0    0    0    0
   0    0    0    0
   0    0    0    0
   0    0    0    0
   0    0    0    0
   0    0    0    0
   0    0    0    0
   0    0    0    0
   0    0    0    0
   0    0    0    0
   0    0    0    0
   0    0    0    0
   0    0    0    0
   0    0    0    0
   0    0    0    0
   0    0    0    0
   0    0    0    0
   0    0    0    0
   0    0    0    0
   0    0    0    0
   0    0    0    0
   0    0    0    0
   0    0    0    0
   0    0    0    0
   0    0    0    0
   0    0    0    0
   0    0    0    0
   0    0    0    0
   0    0    0    0
   0    0    0    0
   0    0    0    0
   0    0    0    0
   0    0    0    0
   0    0    0    0
   0    0    0    0
   0    0    0    0
   0    0    0    0
   0    0    0    0
   0    0    0    0
   0    0    0    0
   0    0    0    0
   0    0    0    0
   0    0    0    0
   0    0    0    0
   0    0    0    0
   0    0    0    0
   0    0    0    0
   0    0    0    0
   0    0    0    0
   0    0    0    0
   0    0    0    0
   0    0    0    0
   0    0    0    0
   0    0    0    0
   0    0    0    0

 0 0 0 0    .... footer bytes
 27   [ 19 ]  28   [ 18 ]    tell says: 11922 
 28   [ 20 ] 
 13   [type identifier]   tell says: 11932 
246   [Number of vertices]
   2    0    0    0
   2    0    0    0
   2    0    0    0
   2    0    0    0
   2    0    0    0
   2    0    0    0
   2    0    0    0
   2    0    0    0
   2    0    0    0
   2    0    0    0
   2    0    0    0
   2    0    0    0
   2    0    0    0
   2    0    0    0
   2    0    0    0
   2    0    0    0
   2    0    0    0
   2    0    0    0
   2    0    0    0
   2    0    0    0
   2    0    0    0
   2    0    0    0
   2    0    0    0
   2    0    0    0
   2    0    0    0
   2    0    0    0
   2    0    0    0
   2    0    0    0
   2    0    0    0
   2    0    0    0
   2    0    0    0
   2    0    0    0
   2    0    0    0
   2    0    0    0
   2    0    0    0
   2    0    0    0
   2    0    0    0
   2    0    0    0
   2    0    0    0
   2    0    0    0
   2    0    0    0
   2    0    0    0
   2    0    0    0
   2    0    0    0
   2    0    0    0
   2    0    0    0
   2    0    0    0
   2    0    0    0
   2    0    0    0
   2    0    0    0
   2    0    0    0
   2    0    0    0
   2    0    0    0
   2    0    0    0
   2    0    0    0
   2    0    0    0
   2    0    0    0
   2    0    0    0
   2    0    0    0
   2    0    0    0
   2    0    0    0
   2    0    0    0
   2    0    0    0
   2    0    0    0
   2    0    0    0
   2    0    0    0
   2    0    0    0
   2    0    0    0
   2    0    0    0
   2    0    0    0
   2    0    0    0
   2    0    0    0
   2    0    0    0
   2    0    0    0
   2    0    0    0
   2    0    0    0
   2    0    0    0
   2    0    0    0
   2    0    0    0
   2    0    0    0
   2    0    0    0
   2    0    0    0
   2    0    0    0
   2    0    0    0
   2    0    0    0
   2    0    0    0
   2    0    0    0
   2    0    0    0
   2    0    0    0
   2    0    0    0
   2    0    0    0
   2    0    0    0
   2    0    0    0
   2    0    0    0
   2    0    0    0
   2    0    0    0
   2    0    0    0
   2    0    0    0
   2    0    0    0
   2    0    0    0
   2    0    0    0
   2    0    0    0
   2    0    0    0
   2    0    0    0
   2    0    0    0
   2    0    0    0
   2    0    0    0
   2    0    0    0
   2    0    0    0
   2    0    0    0
   2    0    0    0
   2    0    0    0
   2    0    0    0
   2    0    0    0
   2    0    0    0
   2    0    0    0
   2    0    0    0
   2    0    0    0
   2    0    0    0
   2    0    0    0
   2    0    0    0
   2    0    0    0
   2    0    0    0
   2    0    0    0
   2    0    0    0
   2    0    0    0
   2    0    0    0
   2    0    0    0
   2    0    0    0
   2    0    0    0
   2    0    0    0
   2    0    0    0
   2    0    0    0
   2    0    0    0
   2    0    0    0
   2    0    0    0
   2    0    0    0
   2    0    0    0
   2    0    0    0
   2    0    0    0
   2    0    0    0
   2    0    0    0
   2    0    0    0
   2    0    0    0
   2    0    0    0
   2    0    0    0
   2    0    0    0
   2    0    0    0
   2    0    0    0
   2    0    0    0
   2    0    0    0
   2    0    0    0
   2    0    0    0
   2    0    0    0
   2    0    0    0
   2    0    0    0
   2    0    0    0
   2    0    0    0
   2    0    0    0
   2    0    0    0
   2    0    0    0
   2    0    0    0
   2    0    0    0
   2    0    0    0
   2    0    0    0
   2    0    0    0
   2    0    0    0
   2    0    0    0
   2    0    0    0
   2    0    0    0
   2    0    0    0
   2    0    0    0
   2    0    0    0
   2    0    0    0
   2    0    0    0
   2    0    0    0
   2    0    0    0
   2    0    0    0
   2    0    0    0
   2    0    0    0
   2    0    0    0
   2    0    0    0
   2    0    0    0
   2    0    0    0
   2    0    0    0
   2    0    0    0
   2    0    0    0
   2    0    0    0
   2    0    0    0
   2    0    0    0
   2    0    0    0
   2    0    0    0
   2    0    0    0
   2    0    0    0
   2    0    0    0
   2    0    0    0
   2    0    0    0
   2    0    0    0
   2    0    0    0
   2    0    0    0
   2    0    0    0
   2    0    0    0
   2    0    0    0
   2    0    0    0
   2    0    0    0
   2    0    0    0
   2    0    0    0
   2    0    0    0
   2    0    0    0
   2    0    0    0
   2    0    0    0
   2    0    0    0
   2    0    0    0
   2    0    0    0
   2    0    0    0
   2    0    0    0
   2    0    0    0
   2    0    0    0
   2    0    0    0
   2    0    0    0
   2    0    0    0
   2    0    0    0
   2    0    0    0
   2    0    0    0
   2    0    0    0
   2    0    0    0
   2    0    0    0
   2    0    0    0
   2    0    0    0
   2    0    0    0
   2    0    0    0
   2    0    0    0
   2    0    0    0
   2    0    0    0
   2    0    0    0
   2    0    0    0
   2    0    0    0
   2    0    0    0
   2    0    0    0
   2    0    0    0
   2    0    0    0
   2    0    0    0
   2    0    0    0
   2    0    0    0
   2    0    0    0
   2    0    0    0

 0 0 0 0    .... footer bytes
 27   [ 21 ]  28   [ 20 ]    tell says: 12936 
 28   [ 22 ] 
 14   [type identifier]   tell says: 12946 
246   [Number of vertices]
   2    0    0    0
   2    0    0    0
   2    0    0    0
   2    0    0    0
   2    0    0    0
   2    0    0    0
   2    0    0    0
   2    0    0    0
   2    0    0    0
   2    0    0    0
   2    0    0    0
   2    0    0    0
   2    0    0    0
   2    0    0    0
   2    0    0    0
   2    0    0    0
   2    0    0    0
   2    0    0    0
   2    0    0    0
   2    0    0    0
   2    0    0    0
   2    0    0    0
   2    0    0    0
   2    0    0    0
   2    0    0    0
   2    0    0    0
   2    0    0    0
   2    0    0    0
   2    0    0    0
   2    0    0    0
   2    0    0    0
   2    0    0    0
   2    0    0    0
   2    0    0    0
   2    0    0    0
   2    0    0    0
   2    0    0    0
   2    0    0    0
   2    0    0    0
   2    0    0    0
   2    0    0    0
   2    0    0    0
   2    0    0    0
   2    0    0    0
   2    0    0    0
   2    0    0    0
   2    0    0    0
   2    0    0    0
   2    0    0    0
   2    0    0    0
   2    0    0    0
   2    0    0    0
   2    0    0    0
   2    0    0    0
   2    0    0    0
   2    0    0    0
   2    0    0    0
   2    0    0    0
   2    0    0    0
   2    0    0    0
   2    0    0    0
   2    0    0    0
   2    0    0    0
   2    0    0    0
   2    0    0    0
   2    0    0    0
   2    0    0    0
   2    0    0    0
   2    0    0    0
   2    0    0    0
   2    0    0    0
   2    0    0    0
   2    0    0    0
   2    0    0    0
   2    0    0    0
   2    0    0    0
   2    0    0    0
   2    0    0    0
   2    0    0    0
   2    0    0    0
   2    0    0    0
   2    0    0    0
   2    0    0    0
   2    0    0    0
   2    0    0    0
   2    0    0    0
   2    0    0    0
   2    0    0    0
   2    0    0    0
   2    0    0    0
   2    0    0    0
   2    0    0    0
   2    0    0    0
   2    0    0    0
   2    0    0    0
   2    0    0    0
   2    0    0    0
   2    0    0    0
   2    0    0    0
   2    0    0    0
   2    0    0    0
   2    0    0    0
   2    0    0    0
   2    0    0    0
   2    0    0    0
   2    0    0    0
   2    0    0    0
   2    0    0    0
   2    0    0    0
   2    0    0    0
   2    0    0    0
   2    0    0    0
   2    0    0    0
   2    0    0    0
   2    0    0    0
   2    0    0    0
   2    0    0    0
   2    0    0    0
   2    0    0    0
   2    0    0    0
   2    0    0    0
   2    0    0    0
   2    0    0    0
   2    0    0    0
   2    0    0    0
   2    0    0    0
   2    0    0    0
   2    0    0    0
   2    0    0    0
   2    0    0    0
   2    0    0    0
   2    0    0    0
   2    0    0    0
   2    0    0    0
   2    0    0    0
   2    0    0    0
   2    0    0    0
   2    0    0    0
   2    0    0    0
   2    0    0    0
   2    0    0    0
   2    0    0    0
   2    0    0    0
   2    0    0    0
   2    0    0    0
   2    0    0    0
   2    0    0    0
   2    0    0    0
   2    0    0    0
   2    0    0    0
   2    0    0    0
   2    0    0    0
   2    0    0    0
   2    0    0    0
   2    0    0    0
   2    0    0    0
   2    0    0    0
   2    0    0    0
   2    0    0    0
   2    0    0    0
   2    0    0    0
   2    0    0    0
   2    0    0    0
   2    0    0    0
   2    0    0    0
   2    0    0    0
   2    0    0    0
   2    0    0    0
   2    0    0    0
   2    0    0    0
   2    0    0    0
   2    0    0    0
   2    0    0    0
   2    0    0    0
   2    0    0    0
   2    0    0    0
   2    0    0    0
   2    0    0    0
   2    0    0    0
   2    0    0    0
   2    0    0    0
   2    0    0    0
   2    0    0    0
   2    0    0    0
   2    0    0    0
   2    0    0    0
   2    0    0    0
   2    0    0    0
   2    0    0    0
   2    0    0    0
   2    0    0    0
   2    0    0    0
   2    0    0    0
   2    0    0    0
   2    0    0    0
   2    0    0    0
   2    0    0    0
   2    0    0    0
   2    0    0    0
   2    0    0    0
   2    0    0    0
   2    0    0    0
   2    0    0    0
   2    0    0    0
   2    0    0    0
   2    0    0    0
   2    0    0    0
   2    0    0    0
   2    0    0    0
   2    0    0    0
   2    0    0    0
   2    0    0    0
   2    0    0    0
   2    0    0    0
   2    0    0    0
   2    0    0    0
   2    0    0    0
   2    0    0    0
   2    0    0    0
   2    0    0    0
   2    0    0    0
   2    0    0    0
   2    0    0    0
   2    0    0    0
   2    0    0    0
   2    0    0    0
   2    0    0    0
   2    0    0    0
   2    0    0    0
   2    0    0    0
   2    0    0    0
   2    0    0    0
   2    0    0    0
   2    0    0    0
   2    0    0    0
   2    0    0    0
   2    0    0    0
   2    0    0    0
   2    0    0    0
   2    0    0    0
   2    0    0    0
   2    0    0    0
   2    0    0    0
   2    0    0    0
   2    0    0    0
   2    0    0    0

 0 0 0 0    .... footer bytes
 27   [ 23 ]  28   [ 22 ]    tell says: 13950 
 28   [ 24 ] 
 2   [type identifier]   tell says: 13960 
246   [Number of vertices]
   0    0    0    0
   0    0    0    0
   0    0    0    0
   0    0    0    0
   0    0    0    0
   0    0    0    0
   0    0    0    0
   0    0    0    0
   0    0    0    0
   0    0    0    0
   0    0    0    0
   0    0    0    0
   0    0    0    0
   0    0    0    0
   0    0    0    0
   0    0    0    0
   0    0    0    0
   0    0    0    0
   0    0    0    0
   0    0    0    0
   0    0    0    0
   0    0    0    0
   0    0    0    0
   0    0    0    0
   0    0    0    0
   0    0    0    0
   0    0    0    0
   0    0    0    0
   0    0    0    0
   0    0    0    0
   0    0    0    0
   0    0    0    0
   0    0    0    0
   0    0    0    0
   0    0    0    0
   0    0    0    0
   0    0    0    0
   0    0    0    0
   0    0    0    0
   0    0    0    0
   0    0    0    0
   0    0    0    0
   0    0    0    0
   0    0    0    0
   0    0    0    0
   0    0    0    0
   0    0    0    0
   0    0    0    0
   0    0    0    0
   0    0    0    0
   0    0    0    0
   0    0    0    0
   0    0    0    0
   0    0    0    0
   0    0    0    0
   0    0    0    0
   0    0    0    0
   0    0    0    0
   0    0    0    0
   0    0    0    0
   0    0    0    0
   0    0    0    0
   0    0    0    0
   0    0    0    0
   0    0    0    0
   0    0    0    0
   0    0    0    0
   0    0    0    0
   0    0    0    0
   0    0    0    0
   0    0    0    0
   0    0    0    0
   0    0    0    0
   0    0    0    0
   0    0    0    0
   0    0    0    0
   0    0    0    0
   0    0    0    0
   0    0    0    0
   0    0    0    0
   0    0    0    0
   0    0    0    0
   0    0    0    0
   0    0    0    0
   0    0    0    0
   0    0    0    0
   0    0    0    0
   0    0    0    0
   0    0    0    0
   0    0    0    0
   0    0    0    0
   0    0    0    0
   0    0    0    0
   0    0    0    0
   0    0    0    0
   0    0    0    0
   0    0    0    0
   0    0    0    0
   0    0    0    0
   0    0    0    0
   0    0    0    0
   0    0    0    0
   0    0    0    0
   0    0    0    0
   0    0    0    0
   0    0    0    0
   0    0    0    0
   0    0    0    0
   0    0    1    0
   0    0    1    0
   0    0    1    0
   0    0    1    0
   0    0    1    0
   0    0    1    0
   0    0    1    0
   0    0    1    0
   0    0    1    0
   0    0    1    0
   0    0    1    0
   0    0    1    0
   0    0    1    0
   0    0    1    0
   0    0    1    0
   0    0    1    0
   0    0    1    0
   0    0    1    0
   0    0    1    0
   0    0    1    0
   0    0    1    0
   0    0    1    0
   0    0    1    0
   0    0    1    0
   0    0    1    0
   0    0    1    0
   0    0    1    0
   0    0    1    0
   0    0    1    0
   0    0    1    0
   0    0    1    0
   0    0    1    0
   0    0    1    0
   0    0    1    0
   0    0    1    0
   0    0    1    0
   0    0    1    0
   0    0    1    0
   0    0    1    0
   0    0    1    0
   0    0    1    0
   0    0    1    0
   0    0    1    0
   0    0    1    0
   0    0    1    0
   0    0    1    0
   0    0    1    0
   0    0    1    0
   0    0    1    0
   0    0    1    0
   0    0    1    0
   0    0    1    0
   0    0    1    0
   0    0    1    0
   0    0    1    0
   0    0    1    0
   0    0    1    0
   0    0    1    0
   0    0    1    0
   0    0    1    0
   0    0    1    0
   0    0    1    0
   0    0    1    0
   0    0    1    0
   0    0    1    0
   0    0    1    0
   0    0    1    0
   0    0    1    0
   0    0    1    0
   0    0    1    0
   0    0    1    0
   0    0    1    0
   0    0    1    0
   0    0    1    0
   0    0    1    0
   0    0    1    0
   0    0    1    0
   0    0    1    0
   0    0    1    0
   0    0    1    0
   0    0    1    0
   0    0    1    0
   0    0    1    0
   0    0    1    0
   0    0    1    0
   0    0    1    0
   0    0    1    0
   0    0    1    0
   0    0    1    0
   0    0    1    0
   0    0    1    0
   0    0    1    0
   0    0    1    0
   0    0    1    0
   0    0    1    0
   0    0    1    0
   0    0    1    0
   0    0    1    0
   0    0    1    0
   0    0    1    0
   0    0    1    0
   0    0    1    0
   0    0    1    0
   0    0    1    0
   0    0    1    0
   0    0    1    0
   0    0    1    0
   0    0    1    0
   0    0    1    0
   0    0    1    0
   0    0    1    0
   0    0    1    0
   0    0    1    0
   0    0    1    0
   0    0    1    0
   0    0    1    0
   0    0    1    0
   0    0    1    0
   0    0    1    0
   0    0    1    0
   0    0    1    0
   0    0    1    0
   0    0    1    0
   0    0    1    0
   0    0    1    0
   0    0    1    0
   0    0    1    0
   0    0    1    0
   0    0    1    0
   0    0    1    0
   0    0    1    0
   0    0    1    0
   0    0    1    0
   0    0    1    0
   0    0    1    0
   0    0    1    0
   0    0    1    0
   0    0    1    0

 0 0 0 0    .... footer bytes
 27   [ 25 ]  28   [ 24 ]    tell says: 14964 
 0 0 0 ....zeroes
 -1.01524043  0.60002708  -0.09463532  5.35400915    tell says: 14990 
 0 ....zeroes   tell says: 14994 
0   [Number of bonestrings]
 3   1 0 [ 26 ]  4   [ 1 ] 
 0      .....pad
1   [number of textures]
 0      .....pad
 38   1 4 [ 27 ] 
19 buildingskinnedlod0
17
50 BlockSet/Textures/ME_walls_wooden_palisade.texture
57 BlockSet/Textures/ME_walls_wooden_palisade_normal.texture
Expected 15 integer zeroes
 0  0  0  0  0  0  0  0  0  0  0  0  0  0  0 
constant three integers 4, 1 and 3
 4  1  3
variable 4 bytes
18 192 63  0 

 4
255 255 255 255 
255 255 255 255 
255 255 255 255 
255 255 255 255 

 9
 0  0  0  0 
 0  0  0  0 
 0  0  0  0 
 0  0  0  0 
 0  0  0  0 
 0  0  0  0 
 0  0  0  0 
 0  0  0  0 
 0  0  0  0 

 8
  2
   0    short pad .....
   0  0 128 63  0  0  0  0  0  0  0  0  0  0  0  0  0  0  0  0  0  0 128 63  0  0  0  0  0  0  0  0
  2
   0  0 128 63  0  0  0  0  0  0  0  0  0  0  0  0  0  0  0  0  0  0 128 63  0  0  0  0  0  0  0  0
  2
   0  0 128 63  0  0  0  0  0  0  0  0  0  0  0  0  0  0  0  0  0  0 128 63  0  0  0  0  0  0  0  0
  2
   0  0 128 63  0  0  0  0  0  0  0  0  0  0  0  0  0  0  0  0  0  0 128 63  0  0  0  0  0  0  0  0
  2
   0  0 128 63  0  0  0  0  0  0  0  0  0  0  0  0  0  0  0  0  0  0 128 63  0  0  0  0  0  0  0  0
  2
   0  0 128 63  0  0  0  0  0  0  0  0  0  0  0  0  0  0  0  0  0  0 128 63  0  0  0  0  0  0  0  0
  2
   0  0 128 63  0  0  0  0  0  0  0  0  0  0  0  0  0  0  0  0  0  0 128 63  0  0  0  0  0  0  0  0
  2
   0  0 128 63  0  0  0  0  0  0  0  0  0  0  0  0  0  0  0  0  0  0 128 63  0  0  0  0  0  0  0  0
 37   1 0 [ 28 ]  38   [ 27 ]    tell says: 15614 
complex binding sphere    tell says: 15614
-1.01524 +0.60003 -0.09464 +5.35401    tell says: 15630 

