 4   1 3 [ 1 ] 
 0      .....pad
 7   1 0 [ 2 ] 
 0      .....pad
1   [Number of trianglegroups]
 0      .....pad
 11   1 3 [ 3 ] 
 0
 0
 0      .....pad
 118 ...number of triangles    tell says: 97 
  137    136    135
  134    133    132
  131    130    129
  128    127    126
  125    124    123
  122    121    120
  119    118    117
  116    115    114
  113    112    111
  110    109    108
  107    106    105
  104    103    102
  101     29    100
   30     99     98
   97     28     96
   27     95     94
   93     92     91
   90     86     84
   89     88     87
   86     85     84
   83     80     81
   82     81     80
   79     78     76
   78     77     76
   32     75     74
   34     33     31
   70     73     72
   72     71     70
   69     68     67
   66     65     64
   63     62     61
   60     59     58
   26     55     57
   24     26     57
   23     24     57
   52     23     57
   22     23     52
   21     22     52
   25     26     24
   56     55     26
   20     51     54
   21     51     20
   21     20     53
   52     51     21
   49     18     50
   18     49     48
   47     46     16
   47     16     14
   47     14     13
   47     13     41
   41     13     12
   41     12     11
   14     16     15
   16     46     17
   45     42      9
   44     43     10
    9     42     11
   11     42     41
   38     39     40
   39     38     37
   36      8     19
    8     36     35
    7      4      6
    4      7      5
    3      0      1
    0      3      2
  245    244    243
  242    241    240
  239    238    237
  236    235    234
  230    233    232
  232    231    230
  226    229    228
  228    227    226
  225    224    222
  224    223    222
  221    220    219
  218    217    216
  215    214    213
  159    212    211
  210    209    208
  207    206    205
  204    203    202
  158    201    200
  199    198    197
  196    195    194
  193    192    191
  190    189    188
  187    186    185
  184    183    182
  164    163    162
  162    165    164
  155    156    154
  156    178    154
  156    181    178
  156    179    181
  156    147    179
  156    160    147
  156    157    160
  147    180    179
  178    177    154
  174    153    176
  176    175    174
  173    151    172
  173    150    151
  173    149    150
  173    144    149
  173    171    144
  144    161    149
  161    148    149
  151    152    172
  144    171    170
  142    143    169
  169    168    142
  146    145    167
  167    166    146
  141    139    138
  138    140    141
 0 ...groupflag    tell says: 809 
 0 0 0 0 0    .... first time bytes
 10   1 0 [ 4 ]  11   [ 3 ] 
 6   1 0 [ 5 ]  7   [ 2 ] 
246   [Number of vertices]
 0      .....pad
2   [Number of floatpairgroups]
 0      .....pad
 18   1 0 [ 6 ] 
 4   [type identifier]   tell says: 866 
 0      .....pad
246   [Number of vertices]
   0.2905885      0.4329410
   0.2905885      0.3412033
   0.2840439      0.4329410
   0.2840439      0.3412033
   0.2905885      0.3412033
   0.2905885      0.4329410
   0.2840439      0.3412033
   0.2840439      0.4329410
   0.2832300      0.4139464
   0.3642024      0.4138992
   0.4532759      0.5449747
   0.3519733      0.4182137
   0.3443120      0.4311278
   0.3433647      0.4425071
   0.3505508      0.4486341
   0.3569219      0.4444596
   0.3632954      0.4570137
   0.3750000      0.4592415
   0.2897746      0.4594151
   0.2897746      0.4135391
   0.3642024      0.4138992
   0.3519733      0.4182137
   0.3443120      0.4311278
   0.3433647      0.4425071
   0.3505508      0.4486341
   0.3569219      0.4444596
   0.3632954      0.4570137
   0.4403535      0.5528754
   0.4412408      0.5621340
   0.4526036      0.5528754
   0.4517162      0.5621340
   0.4479763      0.5581490
   0.4482179      0.5662459
   0.4416481      0.5581490
   0.4418898      0.5630361
   0.2832300      0.3142998
   0.2897746      0.3142998
   0.2897746      0.3142998
   0.2897746      0.5000000
   0.2832300      0.3142998
   0.2832300      0.5000000
   0.2832624      0.3142998
   0.3750000      0.3142998
   0.4568266      0.5359243
   0.4445975      0.5316098
   0.3750000      0.4139464
   0.3750000      0.5000000
   0.2832624      0.5000000
   0.2897746      0.5000000
   0.2832300      0.5000000
   0.2832300      0.4592415
   0.3750000      0.3142998
   0.2832624      0.3142998
   0.3555240      0.4272641
   0.3750000      0.4139464
   0.3750000      0.5000000
   0.3750000      0.4592415
   0.2832624      0.5000000
   0.4614488      0.5602223
   0.4614488      0.5536778
   0.4506513      0.5536778
   0.4506513      0.5602223
   0.4614488      0.5602223
   0.4506513      0.5536778
   0.4536006      0.5316098
   0.4470561      0.5316098
   0.4503284      0.5449747
   0.4481927      0.5359243
   0.4416481      0.5359243
   0.4449204      0.5449747
   0.4536006      0.5488384
   0.4536006      0.5359243
   0.4470561      0.5359243
   0.4470561      0.5488384
   0.4479763      0.5581490
   0.4418898      0.5630361
   0.4654352      0.5602223
   0.4654352      0.5536778
   0.4582492      0.5536778
   0.4582492      0.5602223
   0.4582492      0.5536778
   0.4518780      0.5602223
   0.4582492      0.5602223
   0.4518780      0.5536778
   0.4536006      0.5621702
   0.4470561      0.5621702
   0.4470561      0.5747244
   0.4337999      0.5602223
   0.4455045      0.5536778
   0.4337999      0.5536778
   0.4536006      0.5747244
   0.4455045      0.5602223
   0.4455045      0.5536778
   0.4337999      0.5602223
   0.4654352      0.5602177
   0.4644879      0.5488384
   0.4403535      0.5528754
   0.4654352      0.5602177
   0.4307609      0.5488384
   0.4298136      0.5602177
   0.4517162      0.5621340
   0.4307609      0.5488384
   0.4644879      0.5602223
   0.4644879      0.5536778
   0.4426452      0.5502279
   0.4426452      0.5502279
   0.4403535      0.5563580
   0.4644879      0.5602223
   0.4298136      0.5536778
   0.4298136      0.5602223
   0.4540079      0.5566898
   0.4540079      0.5566898
   0.4517162      0.5505596
   0.4298136      0.5536778
   0.4403535      0.5563580
   0.4426452      0.5502279
   0.4314827      0.5482699
   0.4314827      0.5482699
   0.4298136      0.5545980
   0.4403535      0.5563580
   0.4526036      0.5528754
   0.4517162      0.5621340
   0.4628501      0.5630361
   0.4628501      0.5630361
   0.4637660      0.5581490
   0.4526036      0.5528754
   0.4517162      0.5505596
   0.4540079      0.5566898
   0.4645192      0.5548397
   0.4645192      0.5548397
   0.4628501      0.5485115
   0.4517162      0.5505596
   0.4412408      0.5621340
   0.4403535      0.5528754
   0.4298136      0.5581490
   0.4298136      0.5581490
   0.4307296      0.5662459
   0.4412408      0.5621340
   0.2905885      0.4329410
   0.2905885      0.3412033
   0.2840439      0.4329410
   0.2840439      0.3412033
   0.2897746      0.5000000
   0.2832300      0.5000000
   0.3635776      0.4151203
   0.2832300      0.4150404
   0.2897746      0.4153547
   0.2931565      0.4154563
   0.3635341      0.4423169
   0.3512096      0.4416833
   0.3480548      0.4832858
   0.3283655      0.4875003
   0.3285348      0.5000000
   0.2840439      0.3874809
   0.3277252      0.4865628
   0.3036769      0.4815564
   0.3048912      0.4423519
   0.2932047      0.4423727
   0.5611715      0.0540320
   0.5622640      0.0457501
   0.2931855      0.4316401
   0.3635517      0.4312792
   0.5689303      0.0684729
   0.5678058      0.0685120
   0.5678177      0.0610027
   0.5689414      0.0607501
   0.2897746      0.3142998
   0.2832300      0.3142998
   0.2897746      0.3142998
   0.2832300      0.3142998
   0.3750000      0.4150405
   0.3750000      0.3142998
   0.2832624      0.5000000
   0.2832624      0.3142998
   0.2905885      0.3864758
   0.2905885      0.3412033
   0.2840439      0.3412033
   0.3287225      0.5000000
   0.3750000      0.5000000
   0.2832624      0.3142998
   0.2832624      0.4153547
   0.3750000      0.3142998
   0.1715471      0.3852463
   0.1716516      0.3919651
   0.1836972      0.3945724
   0.1829690      0.3877186
   0.1715471      0.3852463
   0.1836972      0.3945724
   0.1895354      0.3762994
   0.1826816      0.3756308
   0.1889579      0.4130126
   0.1826816      0.3756308
   0.1829565      0.4166462
   0.1889579      0.4130126
   0.1778489      0.4214478
   0.1778847      0.4339476
   0.1844938      0.4339476
   0.1847048      0.4205104
   0.1778489      0.4214478
   0.1844938      0.4339476
   0.5681132      0.0688317
   0.5703285      0.0693346
   0.5703285      0.0693346
   0.5524663      0.0692068
   0.5611715      0.0540320
   0.5526409      0.0686693
   0.5681132      0.0688317
   0.5611715      0.0540320
   0.5524663      0.0692068
   0.5526409      0.0686693
   0.5611715      0.0540320
   0.5502128      0.0623605
   0.5770553      0.0670203
   0.5754327      0.0680258
   0.5469055      0.0673435
   0.5622640      0.0457501
   0.5469055      0.0673435
   0.5502128      0.0623605
   0.5622640      0.0457501
   0.5770553      0.0670203
   0.5754327      0.0680258
   0.5622640      0.0457501
   0.1920117      0.3655876
   0.1920179      0.3494038
   0.1852981      0.3490679
   0.1852927      0.3652267
   0.5586861      0.0497025
   0.5586585      0.0673627
   0.5689303      0.0684729
   0.5689414      0.0607501
   0.5588258      0.0674520
   0.5588558      0.0502799
   0.5678177      0.0610027
   0.5678058      0.0685120
   0.5588558      0.0502799
   0.5586861      0.0497025
   0.5689414      0.0607501
   0.5689414      0.0607501
   0.5678177      0.0610027
   0.5588558      0.0502799
   0.1716516      0.3919651
   0.1715471      0.3852463
   0.1659346      0.3836102
   0.1659346      0.3836102
   0.1652317      0.3864634
   0.1716516      0.3919651

 0 0 0 0    .... footer bytes
 17   1 0 [ 7 ]  18   [ 6 ] 
 18   [ 8 ] 
 1   [type identifier]   tell says: 2868 
246   [Number of vertices]
   0.0000000      0.0000000
   0.0000000      0.0000000
   0.0000000      0.0000000
   0.0000000      0.0000000
   0.0000000      0.0000000
   0.0000000      0.0000000
   0.0000000      0.0000000
   0.0000000      0.0000000
   0.0000000      0.0000000
   0.0000000      0.0000000
   0.0000000      0.0000000
   0.0000000      0.0000000
   0.0000000      0.0000000
   0.0000000      0.0000000
   0.0000000      0.0000000
   0.0000000      0.0000000
   0.0000000      0.0000000
   0.0000000      0.0000000
   0.0000000      0.0000000
   0.0000000      0.0000000
   0.0000000      0.0000000
   0.0000000      0.0000000
   0.0000000      0.0000000
   0.0000000      0.0000000
   0.0000000      0.0000000
   0.0000000      0.0000000
   0.0000000      0.0000000
   0.0000000      0.0000000
   0.0000000      0.0000000
   0.0000000      0.0000000
   0.0000000      0.0000000
   0.0000000      0.0000000
   0.0000000      0.0000000
   0.0000000      0.0000000
   0.0000000      0.0000000
   0.0000000      0.0000000
   0.0000000      0.0000000
   0.0000000      0.0000000
   0.0000000      0.0000000
   0.0000000      0.0000000
   0.0000000      0.0000000
   0.0000000      0.0000000
   0.0000000      0.0000000
   0.0000000      0.0000000
   0.0000000      0.0000000
   0.0000000      0.0000000
   0.0000000      0.0000000
   0.0000000      0.0000000
   0.0000000      0.0000000
   0.0000000      0.0000000
   0.0000000      0.0000000
   0.0000000      0.0000000
   0.0000000      0.0000000
   0.0000000      0.0000000
   0.0000000      0.0000000
   0.0000000      0.0000000
   0.0000000      0.0000000
   0.0000000      0.0000000
   0.0000000      0.0000000
   0.0000000      0.0000000
   0.0000000      0.0000000
   0.0000000      0.0000000
   0.0000000      0.0000000
   0.0000000      0.0000000
   0.0000000      0.0000000
   0.0000000      0.0000000
   0.0000000      0.0000000
   0.0000000      0.0000000
   0.0000000      0.0000000
   0.0000000      0.0000000
   0.0000000      0.0000000
   0.0000000      0.0000000
   0.0000000      0.0000000
   0.0000000      0.0000000
   0.0000000      0.0000000
   0.0000000      0.0000000
   0.0000000      0.0000000
   0.0000000      0.0000000
   0.0000000      0.0000000
   0.0000000      0.0000000
   0.0000000      0.0000000
   0.0000000      0.0000000
   0.0000000      0.0000000
   0.0000000      0.0000000
   0.0000000      0.0000000
   0.0000000      0.0000000
   0.0000000      0.0000000
   0.0000000      0.0000000
   0.0000000      0.0000000
   0.0000000      0.0000000
   0.0000000      0.0000000
   0.0000000      0.0000000
   0.0000000      0.0000000
   0.0000000      0.0000000
   0.0000000      0.0000000
   0.0000000      0.0000000
   0.0000000      0.0000000
   0.0000000      0.0000000
   0.0000000      0.0000000
   0.0000000      0.0000000
   0.0000000      0.0000000
   0.0000000      0.0000000
   0.0000000      0.0000000
   0.0000000      0.0000000
   0.0000000      0.0000000
   0.0000000      0.0000000
   0.0000000      0.0000000
   0.0000000      0.0000000
   0.0000000      0.0000000
   0.0000000      0.0000000
   0.0000000      0.0000000
   0.0000000      0.0000000
   0.0000000      0.0000000
   0.0000000      0.0000000
   0.0000000      0.0000000
   0.0000000      0.0000000
   0.0000000      0.0000000
   0.0000000      0.0000000
   0.0000000      0.0000000
   0.0000000      0.0000000
   0.0000000      0.0000000
   0.0000000      0.0000000
   0.0000000      0.0000000
   0.0000000      0.0000000
   0.0000000      0.0000000
   0.0000000      0.0000000
   0.0000000      0.0000000
   0.0000000      0.0000000
   0.0000000      0.0000000
   0.0000000      0.0000000
   0.0000000      0.0000000
   0.0000000      0.0000000
   0.0000000      0.0000000
   0.0000000      0.0000000
   0.0000000      0.0000000
   0.0000000      0.0000000
   0.0000000      0.0000000
   0.0000000      0.0000000
   0.0000000      0.0000000
   0.0000000      0.0000000
   0.0000000      0.0000000
   0.0000000      0.0000000
   0.0000000      0.0000000
   0.0000000      0.0000000
   0.0000000      0.0000000
   0.0000000      0.0000000
   0.0000000      0.0000000
   0.0000000      0.0000000
   0.0000000      0.0000000
   0.0000000      0.0000000
   0.0000000      0.0000000
   0.0000000      0.0000000
   0.0000000      0.0000000
   0.0000000      0.0000000
   0.0000000      0.0000000
   0.0000000      0.0000000
   0.0000000      0.0000000
   0.0000000      0.0000000
   0.0000000      0.0000000
   0.0000000      0.0000000
   0.0000000      0.0000000
   0.0000000      0.0000000
   0.0000000      0.0000000
   0.0000000      0.0000000
   0.0000000      0.0000000
   0.0000000      0.0000000
   0.0000000      0.0000000
   0.0000000      0.0000000
   0.0000000      0.0000000
   0.0000000      0.0000000
   0.0000000      0.0000000
   0.0000000      0.0000000
   0.0000000      0.0000000
   0.0000000      0.0000000
   0.0000000      0.0000000
   0.0000000      0.0000000
   0.0000000      0.0000000
   0.0000000      0.0000000
   0.0000000      0.0000000
   0.0000000      0.0000000
   0.0000000      0.0000000
   0.0000000      0.0000000
   0.0000000      0.0000000
   0.0000000      0.0000000
   0.0000000      0.0000000
   0.0000000      0.0000000
   0.0000000      0.0000000
   0.0000000      0.0000000
   0.0000000      0.0000000
   0.0000000      0.0000000
   0.0000000      0.0000000
   0.0000000      0.0000000
   0.0000000      0.0000000
   0.0000000      0.0000000
   0.0000000      0.0000000
   0.0000000      0.0000000
   0.0000000      0.0000000
   0.0000000      0.0000000
   0.0000000      0.0000000
   0.0000000      0.0000000
   0.0000000      0.0000000
   0.0000000      0.0000000
   0.0000000      0.0000000
   0.0000000      0.0000000
   0.0000000      0.0000000
   0.0000000      0.0000000
   0.0000000      0.0000000
   0.0000000      0.0000000
   0.0000000      0.0000000
   0.0000000      0.0000000
   0.0000000      0.0000000
   0.0000000      0.0000000
   0.0000000      0.0000000
   0.0000000      0.0000000
   0.0000000      0.0000000
   0.0000000      0.0000000
   0.0000000      0.0000000
   0.0000000      0.0000000
   0.0000000      0.0000000
   0.0000000      0.0000000
   0.0000000      0.0000000
   0.0000000      0.0000000
   0.0000000      0.0000000
   0.0000000      0.0000000
   0.0000000      0.0000000
   0.0000000      0.0000000
   0.0000000      0.0000000
   0.0000000      0.0000000
   0.0000000      0.0000000
   0.0000000      0.0000000
   0.0000000      0.0000000
   0.0000000      0.0000000
   0.0000000      0.0000000
   0.0000000      0.0000000
   0.0000000      0.0000000
   0.0000000      0.0000000
   0.0000000      0.0000000
   0.0000000      0.0000000
   0.0000000      0.0000000
   0.0000000      0.0000000
   0.0000000      0.0000000
   0.0000000      0.0000000
   0.0000000      0.0000000
   0.0000000      0.0000000
   0.0000000      0.0000000
   0.0000000      0.0000000

 0 0 0 0    .... footer bytes
 17   [ 9 ]  18   [ 8 ] 
 0      .....pad
1   [Number of floattriplesgroups]
 0      .....pad
 23   1 0 [ 10 ] 
 0   [type identifier]   tell says: 4876 
 0      .....pad
246   [Number of vertices]
   2.8772864      2.9712019      0.3009316
   5.5378466      2.9712019      1.5415715
   2.9657938      2.9712019      0.1111270
   5.6263537      2.9712019      1.3517669
   2.8772862     -2.9712019      0.3009321
   5.5378466     -2.9712019      1.5415720
   2.9657934     -2.9712019      0.1111277
   5.6263533     -2.9712019      1.3517675
   5.5378466     -0.2174877      1.5415717
   5.2246962     -0.2159788      1.3955474
   5.0172610     -0.6436540      1.1832808
   4.8700290     -0.3540408      1.2301632
   4.6478381     -0.7672929      1.1265541
   4.6203647     -1.1314309      1.1137431
   4.8287735     -1.3274958      1.2109255
   5.0135469     -1.1939116      1.2970870
   5.1983924     -1.5956434      1.3832817
   5.5378466     -1.6669308      1.5415719
   5.6263537     -1.6697085      1.3517674
   5.6263537     -0.2109709      1.3517673
   5.3132033     -0.2159789      1.2057431
   4.9585361     -0.3540408      1.0403590
   4.7363458     -0.7672929      0.9367499
   4.7088723     -1.1314309      0.9239389
   4.9172802     -1.3274958      1.0211213
   5.1020546     -1.1939116      1.1072828
   5.2868991     -1.5956434      1.1934775
   5.4000392     -0.8964772      1.3408709
   5.3698192     -1.1927505      1.3384912
   5.4164796     -0.8964772      1.1320913
   5.3862596     -1.1927505      1.1297116
   5.7295189     -1.0652306      1.4323663
   5.6996865     -1.3243319      1.4269855
   5.7666917     -1.0652306      1.2262659
   5.7368593     -1.2216191      1.2208854
   5.5378466      2.9712019      1.5415715
   5.6263537      2.9712019      1.3517669
   2.8772864      2.9712019      0.3009316
   2.8772862     -2.9712019      0.3009321
   2.9657938      2.9712019      0.1111270
   2.9657934     -2.9712019      0.1111277
   2.8772864      2.9712019      0.3009316
   5.5378466      2.9712019      1.5415715
   4.8700290     -0.3540408      1.2301632
   5.2246962     -0.2159788      1.3955474
   5.5378466     -0.2174877      1.5415717
   5.5378466     -2.9712019      1.5415720
   2.8772862     -2.9712019      0.3009321
   5.6263533     -2.9712019      1.3517675
   5.5378466     -2.9712019      1.5415720
   5.5378466     -1.6669308      1.5415719
   5.6263537      2.9712019      1.3517669
   2.9657938      2.9712019      0.1111270
   5.0172610     -0.6436540      1.1832808
   5.6263537     -0.2109709      1.3517673
   5.6263533     -2.9712019      1.3517675
   5.6263537     -1.6697085      1.3517674
   2.9657934     -2.9712019      0.1111277
   5.5378466     -0.2174877      1.5415717
   5.6263537     -0.2109709      1.3517673
   5.3132033     -0.2159789      1.2057431
   5.2246962     -0.2159788      1.3955474
   5.5378466     -0.2174877      1.5415717
   5.3132033     -0.2159789      1.2057431
   5.2246962     -0.2159788      1.3955474
   5.3132033     -0.2159789      1.2057431
   5.0172610     -0.6436540      1.1832808
   4.9585361     -0.3540408      1.0403590
   4.8700290     -0.3540408      1.2301632
   5.0172610     -0.6436540      1.1832808
   4.6478381     -0.7672929      1.1265541
   4.8700290     -0.3540408      1.2301632
   4.9585361     -0.3540408      1.0403590
   4.7363458     -0.7672929      0.9367499
   5.7295189     -1.0652306      1.4323663
   5.7368593     -1.2216191      1.2208854
   4.6203647     -1.1314309      1.1137431
   4.7088723     -1.1314309      0.9239389
   4.9172802     -1.3274958      1.0211213
   4.8287735     -1.3274958      1.2109255
   4.9172802     -1.3274958      1.0211213
   5.0135469     -1.1939116      1.2970870
   4.8287735     -1.3274958      1.2109255
   5.1020546     -1.1939116      1.1072828
   5.0135469     -1.1939116      1.2970870
   5.1020546     -1.1939116      1.1072828
   5.2868991     -1.5956434      1.1934775
   5.5378466     -1.6669308      1.5415719
   5.2868991     -1.5956434      1.1934775
   5.6263537     -1.6697085      1.3517674
   5.1983924     -1.5956434      1.3832817
   5.1983924     -1.5956434      1.3832817
   5.2868991     -1.5956434      1.1934775
   5.5378466     -1.6669308      1.5415719
   4.6203647     -1.1314309      1.1137431
   4.6478381     -0.7672929      1.1265541
   5.4000392     -0.8964772      1.3408709
   4.6203647     -1.1314309      1.1137431
   4.7363458     -0.7672929      0.9367499
   4.7088723     -1.1314309      0.9239389
   5.3862596     -1.1927505      1.1297116
   4.7363458     -0.7672929      0.9367499
   4.6478381     -0.7672929      1.1265541
   4.7363458     -0.7672929      0.9367499
   5.4164796     -0.8964772      1.1320913
   5.4164796     -0.8964772      1.1320913
   5.4000392     -0.8964772      1.3408709
   4.6478381     -0.7672929      1.1265541
   4.7088723     -1.1314309      0.9239389
   4.6203647     -1.1314309      1.1137431
   5.3698192     -1.1927505      1.3384912
   5.3698192     -1.1927505      1.3384912
   5.3862596     -1.1927505      1.1297116
   4.7088723     -1.1314309      0.9239389
   5.4000392     -0.8964772      1.3408709
   5.4164796     -0.8964772      1.1320913
   5.7666917     -1.0652306      1.2262659
   5.7666917     -1.0652306      1.2262659
   5.7295189     -1.0652306      1.4323663
   5.4000392     -0.8964772      1.3408709
   5.4164796     -0.8964772      1.1320913
   5.3862596     -1.1927505      1.1297116
   5.7368593     -1.2216191      1.2208854
   5.7368593     -1.2216191      1.2208854
   5.7666917     -1.0652306      1.2262659
   5.4164796     -0.8964772      1.1320913
   5.3862596     -1.1927505      1.1297116
   5.3698192     -1.1927505      1.3384912
   5.6996865     -1.3243319      1.4269855
   5.6996865     -1.3243319      1.4269855
   5.7368593     -1.2216191      1.2208854
   5.3862596     -1.1927505      1.1297116
   5.3698192     -1.1927505      1.3384912
   5.4000392     -0.8964772      1.3408709
   5.7295189     -1.0652306      1.4323663
   5.7295189     -1.0652306      1.4323663
   5.6996865     -1.3243319      1.4269855
   5.3698192     -1.1927505      1.3384912
  -2.8772860      2.9712019      0.3009318
  -5.5378466      2.9712019      1.5415717
  -2.9657934      2.9712019      0.1111272
  -5.6263537      2.9712019      1.3517671
  -2.8772860     -2.9712019      0.3009318
  -2.9657934     -2.9712019      0.1111272
  -5.2453947     -0.2550521      1.3547018
  -5.6018481     -0.2524975      1.4355980
  -5.6481981     -0.2625534      1.2313651
  -5.3394370     -0.2658032      1.1612926
  -5.2440376     -1.1253414      1.3543937
  -4.8594341     -1.1050669      1.2671090
  -4.8609776     -2.4175601      1.2581222
  -4.1465521     -2.5712099      1.1053225
  -4.1518369     -2.9712019      1.1065218
  -4.2295489     -2.9712019      0.9094065
  -4.2606726     -2.5412138      0.9164699
  -4.9675798     -2.3012853      1.0959352
  -4.9732404     -1.1264627      1.0781852
  -5.3379335     -1.1271269      1.1609513
  -5.4541097     -0.5585495      1.3190761
  -4.6815519     -2.7434547      0.9563540
  -5.3385324     -0.7836843      1.1610874
  -5.2445884     -0.7721365      1.3545189
  -5.5046310     -1.1475453      1.2816556
  -5.5228310     -1.1483262      1.1894033
  -5.5230999     -0.9981397      1.1893942
  -5.5048780     -0.9930900      1.2816472
  -5.6263537      2.9712019      1.3517671
  -5.5378466      2.9712019      1.5415717
  -2.8772860      2.9712019      0.3009318
  -2.9657934      2.9712019      0.1111272
  -5.6018481     -0.2524975      1.4355980
  -5.5378466      2.9712019      1.5415717
  -2.8772860     -2.9712019      0.3009318
  -2.8772860      2.9712019      0.3009318
  -4.1518369     -2.9712019      1.1065218
  -2.8772860     -2.9712019      0.3009318
  -2.9657934     -2.9712019      0.1111272
  -4.2295489     -2.9712019      0.9094065
  -2.9657934     -2.9712019      0.1111272
  -5.6263537      2.9712019      1.3517671
  -5.6481981     -0.2625534      1.2313651
  -2.9657934      2.9712019      0.1111272
  -5.3379335     -1.1271269      1.1609513
  -5.2440376     -1.1253414      1.3543937
  -4.8594341     -1.1050669      1.2671090
  -4.9732404     -1.1264627      1.0781852
  -5.3379335     -1.1271269      1.1609513
  -4.8594341     -1.1050669      1.2671090
  -4.9732404     -1.1264627      1.0781852
  -4.8594341     -1.1050669      1.2671090
  -4.9675798     -2.3012853      1.0959352
  -4.8594341     -1.1050669      1.2671090
  -4.8609776     -2.4175601      1.2581222
  -4.9675798     -2.3012853      1.0959352
  -4.1465521     -2.5712099      1.1053225
  -4.1518369     -2.9712019      1.1065218
  -4.2295489     -2.9712019      0.9094065
  -4.2606726     -2.5412138      0.9164699
  -4.1465521     -2.5712099      1.1053225
  -4.2295489     -2.9712019      0.9094065
  -5.6481981     -0.2625534      1.2313651
  -5.6018481     -0.2524975      1.4355980
  -5.6018481     -0.2524975      1.4355980
  -5.2453947     -0.2550521      1.3547018
  -5.4541097     -0.5585495      1.3190761
  -5.3394370     -0.2658032      1.1612926
  -5.6481981     -0.2625534      1.2313651
  -5.4541097     -0.5585495      1.3190761
  -5.2453947     -0.2550521      1.3547018
  -5.3394370     -0.2658032      1.1612926
  -5.4541097     -0.5585495      1.3190761
  -4.8609776     -2.4175601      1.2581222
  -4.1465521     -2.5712099      1.1053225
  -4.2606726     -2.5412138      0.9164699
  -4.9675798     -2.3012853      1.0959352
  -4.6815519     -2.7434547      0.9563540
  -4.9675798     -2.3012853      1.0959352
  -4.8609776     -2.4175601      1.2581222
  -4.6815519     -2.7434547      0.9563540
  -4.1465521     -2.5712099      1.1053225
  -4.2606726     -2.5412138      0.9164699
  -4.6815519     -2.7434547      0.9563540
  -5.3385324     -0.7836843      1.1610874
  -5.3394370     -0.2658032      1.1612926
  -5.2453947     -0.2550521      1.3547018
  -5.2445884     -0.7721365      1.3545189
  -5.2445884     -0.7721365      1.3545189
  -5.2440376     -1.1253414      1.3543937
  -5.5046310     -1.1475453      1.2816556
  -5.5048780     -0.9930900      1.2816472
  -5.3379335     -1.1271269      1.1609513
  -5.3385324     -0.7836843      1.1610874
  -5.5230999     -0.9981397      1.1893942
  -5.5228310     -1.1483262      1.1894033
  -5.3385324     -0.7836843      1.1610874
  -5.2445884     -0.7721365      1.3545189
  -5.5048780     -0.9930900      1.2816472
  -5.5048780     -0.9930900      1.2816472
  -5.5230999     -0.9981397      1.1893942
  -5.3385324     -0.7836843      1.1610874
  -5.2440376     -1.1253414      1.3543937
  -5.3379335     -1.1271269      1.1609513
  -5.5228310     -1.1483262      1.1894033
  -5.5228310     -1.1483262      1.1894033
  -5.5046310     -1.1475453      1.2816556
  -5.2440376     -1.1253414      1.3543937

 0 0 0 0    .... footer bytes
 22   1 0 [ 11 ]  23   [ 10 ] 
 0      .....pad
7   [Number of bytequadgroups]
 0      .....pad
 28   1 0 [ 12 ] 
 3   [type identifier]   tell says: 7872 
 0      .....pad
246   [Number of vertices]
 127  255  127    0
 127  255  127    0
 127  255  127    0
 127  255  127    0
 127    0  127    0
 127    0  127    0
 127    0  127    0
 127    0  127    0
 181  127  243    0
 244  114   78    0
 242   89   88    0
 244  117   76    0
 243  127   73    0
 243  127   73    0
 243  127   73    0
 243  127   73    0
 243  127   73    0
 243  127   73    0
 181  127  243    0
 181  127  243    0
  14  114  185    0
  13  117  184    0
  11  127  181    0
  11  127  181    0
  11  127  181    0
  11  127  181    0
  11  127  181    0
 250  125   92    0
 249  130   91    0
   4  124  162    0
   5  128  164    0
 149  103  250    0
 142  112  253    0
 149  103  250    0
 149  103  250    0
 181  127  243    0
 181  127  243    0
  73  127   11    0
  73  127   11    0
  73  127   11    0
  73  127   11    0
 243  127   73    0
 243  127   73    0
 244  117   76    0
 244  114   78    0
 243  127   73    0
 243  127   73    0
 243  127   73    0
 181  127  243    0
 181  127  243    0
 181  127  243    0
  11  127  181    0
  11  127  181    0
  23   89  190    0
  11  127  181    0
  11  127  181    0
  11  127  181    0
  11  127  181    0
 124    0  130    0
 124    0  130    0
 124    0  130    0
 127    0  126    0
 127    0  126    0
 127    0  126    0
 172   58  224    0
 172   58  224    0
 172   58  224    0
  77   80   19    0
  77   80   19    0
  77   80   19    0
 173   62  226    0
 173   62  226    0
 173   62  226    0
 173   62  226    0
 142  112  253    0
 142  112  253    0
 162  224  202    0
 162  224  202    0
 162  224  202    0
 162  224  202    0
  97  234   64    0
  97  234   64    0
  97  234   64    0
  97  234   64    0
 175  185  230    0
 175  185  230    0
 175  185  230    0
 136  252  150    0
 136  252  150    0
 136  252  150    0
 175  185  230    0
 137  252  149    0
 137  252  149    0
 137  252  149    0
 250  125   92    0
 250  125   92    0
 249  130   91    0
 249  130   91    0
   5  128  164    0
   5  128  164    0
   4  124  162    0
   4  124  162    0
 137  252  148    0
 137  252  148    0
 137  252  148    0
 129  253  148    0
 129  253  148    0
 129  253  148    0
 123    0  118    0
 123    0  118    0
 123    0  118    0
 126    0  116    0
 126    0  116    0
 126    0  116    0
 131  242  181    0
 131  242  181    0
 131  242  181    0
 137  241  183    0
 137  241  183    0
 137  241  183    0
   4  125  159    0
   4  125  159    0
   4  125  159    0
   4  125  159    0
   4  125  159    0
   4  125  159    0
 123    8   81    0
 123    8   81    0
 123    8   81    0
  71   13  132    0
  71   13  132    0
  71   13  132    0
 250  129   94    0
 250  129   94    0
 250  129   94    0
 250  128   94    0
 250  128   94    0
 250  128   94    0
 127  255  127    0
 127  255  127    0
 127  255  127    0
 127  255  127    0
  73  127  243    0
  73  127  243    0
 249  127  166    0
 155  129    3    0
 168  127    6    0
   2  131  103    0
 251  127  155    0
 248  129  166    0
 247  132  170    0
 242  131  183    0
 235  126  195    0
 127    0  127    0
  14  117   69    0
   4  125   95    0
   6  124   86    0
   3  127   99    0
 155   65   19    0
 221   41  129    0
   3  127   99    0
 251  127  155    0
 152  127    2    0
 152  127    2    0
 152  127    2    0
 152  127    2    0
 181  126   11    0
 168  127    6    0
  73  127  243    0
  73  127  243    0
 251  122  155    0
 248  124  168    0
 235  127  195    0
 244  130  178    0
 127    0  127    0
 127    0  127    0
 127    0  127    0
  19  124   59    0
  18  118   62    0
   4  130   95    0
   3  132   99    0
  12  127   72    0
 125    0  133    0
 125    0  133    0
 125    0  133    0
 140    0  130    0
 140    0  130    0
 140    0  130    0
 193  127   18    0
 193  127   18    0
 193  127   18    0
 197  127   20    0
 197  127   20    0
 197  127   20    0
 174  129    8    0
 174  129    8    0
 174  129    8    0
 192  118   18    0
 192  118   18    0
 192  118   18    0
 155   65   19    0
 155   65   19    0
 247   94  154    0
 247   94  154    0
 247   94  154    0
  13   76  101    0
  13   76  101    0
  13   76  101    0
  82   63  228    0
  82   63  228    0
  82   63  228    0
 221   41  129    0
 221   41  129    0
   4  151  104    0
   4  151  104    0
   4  151  104    0
 143   55   23    0
 143   55   23    0
 143   55   23    0
  81   18  175    0
  81   18  175    0
  81   18  175    0
 183  127   12    0
 183  127   12    0
 183  127   12    0
 183  127   12    0
 250  127   93    0
 250  127   93    0
 250  127   93    0
 250  127   93    0
   1  127  108    0
   1  127  108    0
   1  127  108    0
   1  127  108    0
 163  215   42    0
 163  215   42    0
 163  215   42    0
 141  211   32    0
 141  211   32    0
 141  211   32    0
 122    0  141    0
 122    0  141    0
 122    0  141    0
 126    0  138    0
 126    0  138    0
 126    0  138    0

 0 0 0 0    .... footer bytes
 27   1 0 [ 13 ]  28   [ 12 ]    tell says: 8880 
 28   [ 14 ] 
 10   [type identifier]   tell says: 8890 
246   [Number of vertices]
  11  127  181    0
  11  127  181    0
  11  127  181    0
  11  127  181    0
  11  127  181    0
  11  127  181    0
  11  127  181    0
  11  127  181    0
 243  129   73    0
  77  127   10    0
 168  127  248    0
  76  127   10    0
  73  127   11    0
  73  127   11    0
  73  127   11    0
  73  127   11    0
  73  127   11    0
  73  127   11    0
 243  126   73    0
 242  131   73    0
  69  126   13    0
  70  127   13    0
  73  127   11    0
  73  127   11    0
  73  127   11    0
  73  127   11    0
  73  127   11    0
 162  127  250    0
 163  127  249    0
  92  127    4    0
  90  127    5    0
   2  127  150    0
   0  127  142    0
   2  127  150    0
   2  127  150    0
 243  127   73    0
 243  129   73    0
  11  127  181    0
  11  127  181    0
  11  127  181    0
  11  127  181    0
  73  127   11    0
  73  127   11    0
 178  127  244    0
 177  127  244    0
  73  127   11    0
  73  127   11    0
  73  127   11    0
 243  127   73    0
 243  126   73    0
 243  125   73    0
  73  126   11    0
  73  127   11    0
  61  127   18    0
  73  125   11    0
  73  127   11    0
  73  128   11    0
  73  127   11    0
  73  125   11    0
  73  125   11    0
  73  125   11    0
  73  128   11    0
  73  128   11    0
  73  128   11    0
  11  127  181    0
  11  127  181    0
  11  127  181    0
 243  127   73    0
 243  127   73    0
 243  127   73    0
  11  127  181    0
  11  127  181    0
  11  127  181    0
  11  127  181    0
   0  127  142    0
   0  127  142    0
 168   44  215    0
 168   44  215    0
 168   44  215    0
 168   44  215    0
 172  197  224    0
 172  197  224    0
 172  197  224    0
 172  197  224    0
  11  127  181    0
  11  127  181    0
  11  127  181    0
 180  102  240    0
 180  102  240    0
 180  102  240    0
  11  127  181    0
 180  103  241    0
 180  103  241    0
 180  103  241    0
 162  127  250    0
 162  127  250    0
 163  127  249    0
 163  127  249    0
  90  127    5    0
  90  127    5    0
  92  127    4    0
  92  127    4    0
 180  104  241    0
 180  104  241    0
 180  104  241    0
 180  107  241    0
 180  107  241    0
 180  107  241    0
  73  137   12    0
  73  137   12    0
  73  137   12    0
  73  138   12    0
  73  138   12    0
  73  138   12    0
 176   75  233    0
 176   75  233    0
 176   75  233    0
 176   72  231    0
 176   72  231    0
 176   72  231    0
  95  127    4    0
  95  127    4    0
  95  127    4    0
  95  127    4    0
  95  127    4    0
  95  127    4    0
  76  171   19    0
  76  171   19    0
  76  171   19    0
  74  148   13    0
  74  148   13    0
  74  148   13    0
 160  127  250    0
 160  127  250    0
 160  127  250    0
 160  127  250    0
 160  127  250    0
 160  127  250    0
  11  127   73    0
  11  127   73    0
  11  127   73    0
  11  127   73    0
  11  127   73    0
  11  127   73    0
  88  127  249    0
 251  127  155    0
 248  127  168    0
 151  127    2    0
  99  127  251    0
  88  128  248    0
  84  127  247    0
  71  126  242    0
  59  127  235    0
   3  127   98    0
 185  132   14    0
 159  143    4    0
 168  129    6    0
 155  127    3    0
   3  127   95    0
 163  164   11    0
 155  127    3    0
  99  127  251    0
   2  127  102    0
   2  127  102    0
   2  127  102    0
   2  127  102    0
 243  127  181    0
 248  127  168    0
  11  127   73    0
  11  127   73    0
  99  127  251    0
  86  127  248    0
  59  127  235    0
  76  127  244    0
   7  127   85    0
  11  127   73    0
   7  127   85    0
 195  127   19    0
 193  127   18    0
 159  127    4    0
 155  127    3    0
 182  127   12    0
 181  121   12    0
 181  121   12    0
 181  121   12    0
 181  130   11    0
 181  130   11    0
 181  130   11    0
 236  127  193    0
 236  127  193    0
 236  127  193    0
 234  127  197    0
 234  127  197    0
 234  127  197    0
 246  127  174    0
 246  127  174    0
 246  127  174    0
 237  127  192    0
 237  127  192    0
 237  127  192    0
   3  127   95    0
   3  127   95    0
  99  127  251    0
  99  127  251    0
  99  127  251    0
  98  127  251    0
  98  127  251    0
  98  127  251    0
  11  127   75    0
  11  127   75    0
  11  127   75    0
 163  164   11    0
 163  164   11    0
 157  168   10    0
 157  168   10    0
 157  168   10    0
 251  118  153    0
 251  118  153    0
 251  118  153    0
  24  139   53    0
  24  139   53    0
  24  139   53    0
 242  127  183    0
 242  127  183    0
 242  127  183    0
 242  127  183    0
 161  127  250    0
 161  127  250    0
 161  127  250    0
 161  127  250    0
 108  127  253    0
 108  127  253    0
 108  127  253    0
 108  127  253    0
  10  127   77    0
  10  127   77    0
  10  127   77    0
   1  127  108    0
   1  127  108    0
   1  127  108    0
 181  112   12    0
 181  112   12    0
 181  112   12    0
 181  116   12    0
 181  116   12    0
 181  116   12    0

 0 0 0 0    .... footer bytes
 27   [ 15 ]  28   [ 14 ]    tell says: 9894 
 28   [ 16 ] 
 8   [type identifier]   tell says: 9904 
246   [Number of vertices]
   0    0    0  255
   0    0    0  255
   0    0    0  255
   0    0    0  255
   0    0    0  255
   0    0    0  255
   0    0    0  255
   0    0    0  255
   0    0    0  255
   0    0    0  255
   0    0    0  255
   0    0    0  255
   0    0    0  255
   0    0    0  255
   0    0    0  255
   0    0    0  255
   0    0    0  255
   0    0    0  255
   0    0    0  255
   0    0    0  255
   0    0    0  255
   0    0    0  255
   0    0    0  255
   0    0    0  255
   0    0    0  255
   0    0    0  255
   0    0    0  255
   0    0    0  255
   0    0    0  255
   0    0    0  255
   0    0    0  255
   0    0    0  255
   0    0    0  255
   0    0    0  255
   0    0    0  255
   0    0    0  255
   0    0    0  255
   0    0    0  255
   0    0    0  255
   0    0    0  255
   0    0    0  255
   0    0    0  255
   0    0    0  255
   0    0    0  255
   0    0    0  255
   0    0    0  255
   0    0    0  255
   0    0    0  255
   0    0    0  255
   0    0    0  255
   0    0    0  255
   0    0    0  255
   0    0    0  255
   0    0    0  255
   0    0    0  255
   0    0    0  255
   0    0    0  255
   0    0    0  255
   0    0    0  255
   0    0    0  255
   0    0    0  255
   0    0    0  255
   0    0    0  255
   0    0    0  255
   0    0    0  255
   0    0    0  255
   0    0    0  255
   0    0    0  255
   0    0    0  255
   0    0    0  255
   0    0    0  255
   0    0    0  255
   0    0    0  255
   0    0    0  255
   0    0    0  255
   0    0    0  255
   0    0    0  255
   0    0    0  255
   0    0    0  255
   0    0    0  255
   0    0    0  255
   0    0    0  255
   0    0    0  255
   0    0    0  255
   0    0    0  255
   0    0    0  255
   0    0    0  255
   0    0    0  255
   0    0    0  255
   0    0    0  255
   0    0    0  255
   0    0    0  255
   0    0    0  255
   0    0    0  255
   0    0    0  255
   0    0    0  255
   0    0    0  255
   0    0    0  255
   0    0    0  255
   0    0    0  255
   0    0    0  255
   0    0    0  255
   0    0    0  255
   0    0    0  255
   0    0    0  255
   0    0    0  255
   0    0    0  255
   0    0    0  255
   0    0    0  255
   0    0    0  255
   0    0    0  255
   0    0    0  255
   0    0    0  255
   0    0    0  255
   0    0    0  255
   0    0    0  255
   0    0    0  255
   0    0    0  255
   0    0    0  255
   0    0    0  255
   0    0    0  255
   0    0    0  255
   0    0    0  255
   0    0    0  255
   0    0    0  255
   0    0    0  255
   0    0    0  255
   0    0    0  255
   0    0    0  255
   0    0    0  255
   0    0    0  255
   0    0    0  255
   0    0    0  255
   0    0    0  255
   0    0    0  255
   0    0    0  255
   0    0    0  255
   0    0    0  255
   0    0    0  255
   0    0    0  255
   0    0    0  255
   0    0    0  255
   0    0    0  255
   0    0    0  255
   0    0    0  255
   0    0    0  255
   0    0    0  255
   0    0    0  255
   0    0    0  255
   0    0    0  255
   0    0    0  255
   0    0    0  255
   0    0    0  255
   0    0    0  255
   0    0    0  255
   0    0    0  255
   0    0    0  255
   0    0    0  255
   0    0    0  255
   0    0    0  255
   0    0    0  255
   0    0    0  255
   0    0    0  255
   0    0    0  255
   0    0    0  255
   0    0    0  255
   0    0    0  255
   0    0    0  255
   0    0    0  255
   0    0    0  255
   0    0    0  255
   0    0    0  255
   0    0    0  255
   0    0    0  255
   0    0    0  255
   0    0    0  255
   0    0    0  255
   0    0    0  255
   0    0    0  255
   0    0    0  255
   0    0    0  255
   0    0    0  255
   0    0    0  255
   0    0    0  255
   0    0    0  255
   0    0    0  255
   0    0    0  255
   0    0    0  255
   0    0    0  255
   0    0    0  255
   0    0    0  255
   0    0    0  255
   0    0    0  255
   0    0    0  255
   0    0    0  255
   0    0    0  255
   0    0    0  255
   0    0    0  255
   0    0    0  255
   0    0    0  255
   0    0    0  255
   0    0    0  255
   0    0    0  255
   0    0    0  255
   0    0    0  255
   0    0    0  255
   0    0    0  255
   0    0    0  255
   0    0    0  255
   0    0    0  255
   0    0    0  255
   0    0    0  255
   0    0    0  255
   0    0    0  255
   0    0    0  255
   0    0    0  255
   0    0    0  255
   0    0    0  255
   0    0    0  255
   0    0    0  255
   0    0    0  255
   0    0    0  255
   0    0    0  255
   0    0    0  255
   0    0    0  255
   0    0    0  255
   0    0    0  255
   0    0    0  255
   0    0    0  255
   0    0    0  255
   0    0    0  255
   0    0    0  255
   0    0    0  255
   0    0    0  255
   0    0    0  255
   0    0    0  255
   0    0    0  255
   0    0    0  255
   0    0    0  255
   0    0    0  255
   0    0    0  255
   0    0    0  255
   0    0    0  255
   0    0    0  255
   0    0    0  255
   0    0    0  255

 0 0 0 0    .... footer bytes
 27   [ 17 ]  28   [ 16 ]    tell says: 10908 
 28   [ 18 ] 
 9   [type identifier]   tell says: 10918 
246   [Number of vertices]
   0    0    0    0
   0    0    0    0
   0    0    0    0
   0    0    0    0
   0    0    0    0
   0    0    0    0
   0    0    0    0
   0    0    0    0
   0    0    0    0
   0    0    0    0
   0    0    0    0
   0    0    0    0
   0    0    0    0
   0    0    0    0
   0    0    0    0
   0    0    0    0
   0    0    0    0
   0    0    0    0
   0    0    0    0
   0    0    0    0
   0    0    0    0
   0    0    0    0
   0    0    0    0
   0    0    0    0
   0    0    0    0
   0    0    0    0
   0    0    0    0
   0    0    0    0
   0    0    0    0
   0    0    0    0
   0    0    0    0
   0    0    0    0
   0    0    0    0
   0    0    0    0
   0    0    0    0
   0    0    0    0
   0    0    0    0
   0    0    0    0
   0    0    0    0
   0    0    0    0
   0    0    0    0
   0    0    0    0
   0    0    0    0
   0    0    0    0
   0    0    0    0
   0    0    0    0
   0    0    0    0
   0    0    0    0
   0    0    0    0
   0    0    0    0
   0    0    0    0
   0    0    0    0
   0    0    0    0
   0    0    0    0
   0    0    0    0
   0    0    0    0
   0    0    0    0
   0    0    0    0
   0    0    0    0
   0    0    0    0
   0    0    0    0
   0    0    0    0
   0    0    0    0
   0    0    0    0
   0    0    0    0
   0    0    0    0
   0    0    0    0
   0    0    0    0
   0    0    0    0
   0    0    0    0
   0    0    0    0
   0    0    0    0
   0    0    0    0
   0    0    0    0
   0    0    0    0
   0    0    0    0
   0    0    0    0
   0    0    0    0
   0    0    0    0
   0    0    0    0
   0    0    0    0
   0    0    0    0
   0    0    0    0
   0    0    0    0
   0    0    0    0
   0    0    0    0
   0    0    0    0
   0    0    0    0
   0    0    0    0
   0    0    0    0
   0    0    0    0
   0    0    0    0
   0    0    0    0
   0    0    0    0
   0    0    0    0
   0    0    0    0
   0    0    0    0
   0    0    0    0
   0    0    0    0
   0    0    0    0
   0    0    0    0
   0    0    0    0
   0    0    0    0
   0    0    0    0
   0    0    0    0
   0    0    0    0
   0    0    0    0
   0    0    0    0
   0    0    0    0
   0    0    0    0
   0    0    0    0
   0    0    0    0
   0    0    0    0
   0    0    0    0
   0    0    0    0
   0    0    0    0
   0    0    0    0
   0    0    0    0
   0    0    0    0
   0    0    0    0
   0    0    0    0
   0    0    0    0
   0    0    0    0
   0    0    0    0
   0    0    0    0
   0    0    0    0
   0    0    0    0
   0    0    0    0
   0    0    0    0
   0    0    0    0
   0    0    0    0
   0    0    0    0
   0    0    0    0
   0    0    0    0
   0    0    0    0
   0    0    0    0
   0    0    0    0
   0    0    0    0
   0    0    0    0
   0    0    0    0
   0    0    0    0
   0    0    0    0
   0    0    0    0
   0    0    0    0
   0    0    0    0
   0    0    0    0
   0    0    0    0
   0    0    0    0
   0    0    0    0
   0    0    0    0
   0    0    0    0
   0    0    0    0
   0    0    0    0
   0    0    0    0
   0    0    0    0
   0    0    0    0
   0    0    0    0
   0    0    0    0
   0    0    0    0
   0    0    0    0
   0    0    0    0
   0    0    0    0
   0    0    0    0
   0    0    0    0
   0    0    0    0
   0    0    0    0
   0    0    0    0
   0    0    0    0
   0    0    0    0
   0    0    0    0
   0    0    0    0
   0    0    0    0
   0    0    0    0
   0    0    0    0
   0    0    0    0
   0    0    0    0
   0    0    0    0
   0    0    0    0
   0    0    0    0
   0    0    0    0
   0    0    0    0
   0    0    0    0
   0    0    0    0
   0    0    0    0
   0    0    0    0
   0    0    0    0
   0    0    0    0
   0    0    0    0
   0    0    0    0
   0    0    0    0
   0    0    0    0
   0    0    0    0
   0    0    0    0
   0    0    0    0
   0    0    0    0
   0    0    0    0
   0    0    0    0
   0    0    0    0
   0    0    0    0
   0    0    0    0
   0    0    0    0
   0    0    0    0
   0    0    0    0
   0    0    0    0
   0    0    0    0
   0    0    0    0
   0    0    0    0
   0    0    0    0
   0    0    0    0
   0    0    0    0
   0    0    0    0
   0    0    0    0
   0    0    0    0
   0    0    0    0
   0    0    0    0
   0    0    0    0
   0    0    0    0
   0    0    0    0
   0    0    0    0
   0    0    0    0
   0    0    0    0
   0    0    0    0
   0    0    0    0
   0    0    0    0
   0    0    0    0
   0    0    0    0
   0    0    0    0
   0    0    0    0
   0    0    0    0
   0    0    0    0
   0    0    0    0
   0    0    0    0
   0    0    0    0
   0    0    0    0
   0    0    0    0
   0    0    0    0
   0    0    0    0
   0    0    0    0
   0    0    0    0
   0    0    0    0
   0    0    0    0
   0    0    0    0
   0    0    0    0
   0    0    0    0
   0    0    0    0
   0    0    0    0

 0 0 0 0    .... footer bytes
 27   [ 19 ]  28   [ 18 ]    tell says: 11922 
 28   [ 20 ] 
 13   [type identifier]   tell says: 11932 
246   [Number of vertices]
   2    0    0    0
   2    0    0    0
   2    0    0    0
   2    0    0    0
   2    0    0    0
   2    0    0    0
   2    0    0    0
   2    0    0    0
   2    0    0    0
   2    0    0    0
   2    0    0    0
   2    0    0    0
   2    0    0    0
   2    0    0    0
   2    0    0    0
   2    0    0    0
   2    0    0    0
   2    0    0    0
   2    0    0    0
   2    0    0    0
   2    0    0    0
   2    0    0    0
   2    0    0    0
   2    0    0    0
   2    0    0    0
   2    0    0    0
   2    0    0    0
   2    0    0    0
   2    0    0    0
   2    0    0    0
   2    0    0    0
   2    0    0    0
   2    0    0    0
   2    0    0    0
   2    0    0    0
   2    0    0    0
   2    0    0    0
   2    0    0    0
   2    0    0    0
   2    0    0    0
   2    0    0    0
   2    0    0    0
   2    0    0    0
   2    0    0    0
   2    0    0    0
   2    0    0    0
   2    0    0    0
   2    0    0    0
   2    0    0    0
   2    0    0    0
   2    0    0    0
   2    0    0    0
   2    0    0    0
   2    0    0    0
   2    0    0    0
   2    0    0    0
   2    0    0    0
   2    0    0    0
   2    0    0    0
   2    0    0    0
   2    0    0    0
   2    0    0    0
   2    0    0    0
   2    0    0    0
   2    0    0    0
   2    0    0    0
   2    0    0    0
   2    0    0    0
   2    0    0    0
   2    0    0    0
   2    0    0    0
   2    0    0    0
   2    0    0    0
   2    0    0    0
   2    0    0    0
   2    0    0    0
   2    0    0    0
   2    0    0    0
   2    0    0    0
   2    0    0    0
   2    0    0    0
   2    0    0    0
   2    0    0    0
   2    0    0    0
   2    0    0    0
   2    0    0    0
   2    0    0    0
   2    0    0    0
   2    0    0    0
   2    0    0    0
   2    0    0    0
   2    0    0    0
   2    0    0    0
   2    0    0    0
   2    0    0    0
   2    0    0    0
   2    0    0    0
   2    0    0    0
   2    0    0    0
   2    0    0    0
   2    0    0    0
   2    0    0    0
   2    0    0    0
   2    0    0    0
   2    0    0    0
   2    0    0    0
   2    0    0    0
   2    0    0    0
   2    0    0    0
   2    0    0    0
   2    0    0    0
   2    0    0    0
   2    0    0    0
   2    0    0    0
   2    0    0    0
   2    0    0    0
   2    0    0    0
   2    0    0    0
   2    0    0    0
   2    0    0    0
   2    0    0    0
   2    0    0    0
   2    0    0    0
   2    0    0    0
   2    0    0    0
   2    0    0    0
   2    0    0    0
   2    0    0    0
   2    0    0    0
   2    0    0    0
   2    0    0    0
   2    0    0    0
   2    0    0    0
   2    0    0    0
   2    0    0    0
   2    0    0    0
   2    0    0    0
   2    0    0    0
   2    0    0    0
   2    0    0    0
   2    0    0    0
   2    0    0    0
   2    0    0    0
   2    0    0    0
   2    0    0    0
   2    0    0    0
   2    0    0    0
   2    0    0    0
   2    0    0    0
   2    0    0    0
   2    0    0    0
   2    0    0    0
   2    0    0    0
   2    0    0    0
   2    0    0    0
   2    0    0    0
   2    0    0    0
   2    0    0    0
   2    0    0    0
   2    0    0    0
   2    0    0    0
   2    0    0    0
   2    0    0    0
   2    0    0    0
   2    0    0    0
   2    0    0    0
   2    0    0    0
   2    0    0    0
   2    0    0    0
   2    0    0    0
   2    0    0    0
   2    0    0    0
   2    0    0    0
   2    0    0    0
   2    0    0    0
   2    0    0    0
   2    0    0    0
   2    0    0    0
   2    0    0    0
   2    0    0    0
   2    0    0    0
   2    0    0    0
   2    0    0    0
   2    0    0    0
   2    0    0    0
   2    0    0    0
   2    0    0    0
   2    0    0    0
   2    0    0    0
   2    0    0    0
   2    0    0    0
   2    0    0    0
   2    0    0    0
   2    0    0    0
   2    0    0    0
   2    0    0    0
   2    0    0    0
   2    0    0    0
   2    0    0    0
   2    0    0    0
   2    0    0    0
   2    0    0    0
   2    0    0    0
   2    0    0    0
   2    0    0    0
   2    0    0    0
   2    0    0    0
   2    0    0    0
   2    0    0    0
   2    0    0    0
   2    0    0    0
   2    0    0    0
   2    0    0    0
   2    0    0    0
   2    0    0    0
   2    0    0    0
   2    0    0    0
   2    0    0    0
   2    0    0    0
   2    0    0    0
   2    0    0    0
   2    0    0    0
   2    0    0    0
   2    0    0    0
   2    0    0    0
   2    0    0    0
   2    0    0    0
   2    0    0    0
   2    0    0    0
   2    0    0    0
   2    0    0    0
   2    0    0    0
   2    0    0    0
   2    0    0    0
   2    0    0    0
   2    0    0    0
   2    0    0    0
   2    0    0    0
   2    0    0    0
   2    0    0    0
   2    0    0    0
   2    0    0    0
   2    0    0    0
   2    0    0    0
   2    0    0    0
   2    0    0    0

 0 0 0 0    .... footer bytes
 27   [ 21 ]  28   [ 20 ]    tell says: 12936 
 28   [ 22 ] 
 14   [type identifier]   tell says: 12946 
246   [Number of vertices]
   2    0    0    0
   2    0    0    0
   2    0    0    0
   2    0    0    0
   2    0    0    0
   2    0    0    0
   2    0    0    0
   2    0    0    0
   2    0    0    0
   2    0    0    0
   2    0    0    0
   2    0    0    0
   2    0    0    0
   2    0    0    0
   2    0    0    0
   2    0    0    0
   2    0    0    0
   2    0    0    0
   2    0    0    0
   2    0    0    0
   2    0    0    0
   2    0    0    0
   2    0    0    0
   2    0    0    0
   2    0    0    0
   2    0    0    0
   2    0    0    0
   2    0    0    0
   2    0    0    0
   2    0    0    0
   2    0    0    0
   2    0    0    0
   2    0    0    0
   2    0    0    0
   2    0    0    0
   2    0    0    0
   2    0    0    0
   2    0    0    0
   2    0    0    0
   2    0    0    0
   2    0    0    0
   2    0    0    0
   2    0    0    0
   2    0    0    0
   2    0    0    0
   2    0    0    0
   2    0    0    0
   2    0    0    0
   2    0    0    0
   2    0    0    0
   2    0    0    0
   2    0    0    0
   2    0    0    0
   2    0    0    0
   2    0    0    0
   2    0    0    0
   2    0    0    0
   2    0    0    0
   2    0    0    0
   2    0    0    0
   2    0    0    0
   2    0    0    0
   2    0    0    0
   2    0    0    0
   2    0    0    0
   2    0    0    0
   2    0    0    0
   2    0    0    0
   2    0    0    0
   2    0    0    0
   2    0    0    0
   2    0    0    0
   2    0    0    0
   2    0    0    0
   2    0    0    0
   2    0    0    0
   2    0    0    0
   2    0    0    0
   2    0    0    0
   2    0    0    0
   2    0    0    0
   2    0    0    0
   2    0    0    0
   2    0    0    0
   2    0    0    0
   2    0    0    0
   2    0    0    0
   2    0    0    0
   2    0    0    0
   2    0    0    0
   2    0    0    0
   2    0    0    0
   2    0    0    0
   2    0    0    0
   2    0    0    0
   2    0    0    0
   2    0    0    0
   2    0    0    0
   2    0    0    0
   2    0    0    0
   2    0    0    0
   2    0    0    0
   2    0    0    0
   2    0    0    0
   2    0    0    0
   2    0    0    0
   2    0    0    0
   2    0    0    0
   2    0    0    0
   2    0    0    0
   2    0    0    0
   2    0    0    0
   2    0    0    0
   2    0    0    0
   2    0    0    0
   2    0    0    0
   2    0    0    0
   2    0    0    0
   2    0    0    0
   2    0    0    0
   2    0    0    0
   2    0    0    0
   2    0    0    0
   2    0    0    0
   2    0    0    0
   2    0    0    0
   2    0    0    0
   2    0    0    0
   2    0    0    0
   2    0    0    0
   2    0    0    0
   2    0    0    0
   2    0    0    0
   2    0    0    0
   2    0    0    0
   2    0    0    0
   2    0    0    0
   2    0    0    0
   2    0    0    0
   2    0    0    0
   2    0    0    0
   2    0    0    0
   2    0    0    0
   2    0    0    0
   2    0    0    0
   2    0    0    0
   2    0    0    0
   2    0    0    0
   2    0    0    0
   2    0    0    0
   2    0    0    0
   2    0    0    0
   2    0    0    0
   2    0    0    0
   2    0    0    0
   2    0    0    0
   2    0    0    0
   2    0    0    0
   2    0    0    0
   2    0    0    0
   2    0    0    0
   2    0    0    0
   2    0    0    0
   2    0    0    0
   2    0    0    0
   2    0    0    0
   2    0    0    0
   2    0    0    0
   2    0    0    0
   2    0    0    0
   2    0    0    0
   2    0    0    0
   2    0    0    0
   2    0    0    0
   2    0    0    0
   2    0    0    0
   2    0    0    0
   2    0    0    0
   2    0    0    0
   2    0    0    0
   2    0    0    0
   2    0    0    0
   2    0    0    0
   2    0    0    0
   2    0    0    0
   2    0    0    0
   2    0    0    0
   2    0    0    0
   2    0    0    0
   2    0    0    0
   2    0    0    0
   2    0    0    0
   2    0    0    0
   2    0    0    0
   2    0    0    0
   2    0    0    0
   2    0    0    0
   2    0    0    0
   2    0    0    0
   2    0    0    0
   2    0    0    0
   2    0    0    0
   2    0    0    0
   2    0    0    0
   2    0    0    0
   2    0    0    0
   2    0    0    0
   2    0    0    0
   2    0    0    0
   2    0    0    0
   2    0    0    0
   2    0    0    0
   2    0    0    0
   2    0    0    0
   2    0    0    0
   2    0    0    0
   2    0    0    0
   2    0    0    0
   2    0    0    0
   2    0    0    0
   2    0    0    0
   2    0    0    0
   2    0    0    0
   2    0    0    0
   2    0    0    0
   2    0    0    0
   2    0    0    0
   2    0    0    0
   2    0    0    0
   2    0    0    0
   2    0    0    0
   2    0    0    0
   2    0    0    0
   2    0    0    0
   2    0    0    0
   2    0    0    0
   2    0    0    0
   2    0    0    0
   2    0    0    0
   2    0    0    0
   2    0    0    0
   2    0    0    0
   2    0    0    0
   2    0    0    0
   2    0    0    0
   2    0    0    0

 0 0 0 0    .... footer bytes
 27   [ 23 ]  28   [ 22 ]    tell says: 13950 
 28   [ 24 ] 
 2   [type identifier]   tell says: 13960 
246   [Number of vertices]
   0    0    0    0
   0    0    0    0
   0    0    0    0
   0    0    0    0
   0    0    0    0
   0    0    0    0
   0    0    0    0
   0    0    0    0
   0    0    0    0
   0    0    0    0
   0    0    0    0
   0    0    0    0
   0    0    0    0
   0    0    0    0
   0    0    0    0
   0    0    0    0
   0    0    0    0
   0    0    0    0
   0    0    0    0
   0    0    0    0
   0    0    0    0
   0    0    0    0
   0    0    0    0
   0    0    0    0
   0    0    0    0
   0    0    0    0
   0    0    0    0
   0    0    0    0
   0    0    0    0
   0    0    0    0
   0    0    0    0
   0    0    0    0
   0    0    0    0
   0    0    0    0
   0    0    0    0
   0    0    0    0
   0    0    0    0
   0    0    0    0
   0    0    0    0
   0    0    0    0
   0    0    0    0
   0    0    0    0
   0    0    0    0
   0    0    0    0
   0    0    0    0
   0    0    0    0
   0    0    0    0
   0    0    0    0
   0    0    0    0
   0    0    0    0
   0    0    0    0
   0    0    0    0
   0    0    0    0
   0    0    0    0
   0    0    0    0
   0    0    0    0
   0    0    0    0
   0    0    0    0
   0    0    0    0
   0    0    0    0
   0    0    0    0
   0    0    0    0
   0    0    0    0
   0    0    0    0
   0    0    0    0
   0    0    0    0
   0    0    0    0
   0    0    0    0
   0    0    0    0
   0    0    0    0
   0    0    0    0
   0    0    0    0
   0    0    0    0
   0    0    0    0
   0    0    0    0
   0    0    0    0
   0    0    0    0
   0    0    0    0
   0    0    0    0
   0    0    0    0
   0    0    0    0
   0    0    0    0
   0    0    0    0
   0    0    0    0
   0    0    0    0
   0    0    0    0
   0    0    0    0
   0    0    0    0
   0    0    0    0
   0    0    0    0
   0    0    0    0
   0    0    0    0
   0    0    0    0
   0    0    0    0
   0    0    0    0
   0    0    0    0
   0    0    0    0
   0    0    0    0
   0    0    0    0
   0    0    0    0
   0    0    0    0
   0    0    0    0
   0    0    0    0
   0    0    0    0
   0    0    0    0
   0    0    0    0
   0    0    0    0
   0    0    0    0
   0    0    0    0
   0    0    0    0
   0    0    0    0
   0    0    0    0
   0    0    0    0
   0    0    0    0
   0    0    0    0
   0    0    0    0
   0    0    0    0
   0    0    0    0
   0    0    0    0
   0    0    0    0
   0    0    0    0
   0    0    0    0
   0    0    0    0
   0    0    0    0
   0    0    0    0
   0    0    0    0
   0    0    0    0
   0    0    0    0
   0    0    0    0
   0    0    0    0
   0    0    0    0
   0    0    0    0
   0    0    0    0
   0    0    0    0
   0    0    0    0
   0    0    0    0
   0    0    0    0
   0    0    0    0
   0    0    1    0
   0    0    1    0
   0    0    1    0
   0    0    1    0
   0    0    1    0
   0    0    1    0
   0    0    1    0
   0    0    1    0
   0    0    1    0
   0    0    1    0
   0    0    1    0
   0    0    1    0
   0    0    1    0
   0    0    1    0
   0    0    1    0
   0    0    1    0
   0    0    1    0
   0    0    1    0
   0    0    1    0
   0    0    1    0
   0    0    1    0
   0    0    1    0
   0    0    1    0
   0    0    1    0
   0    0    1    0
   0    0    1    0
   0    0    1    0
   0    0    1    0
   0    0    1    0
   0    0    1    0
   0    0    1    0
   0    0    1    0
   0    0    1    0
   0    0    1    0
   0    0    1    0
   0    0    1    0
   0    0    1    0
   0    0    1    0
   0    0    1    0
   0    0    1    0
   0    0    1    0
   0    0    1    0
   0    0    1    0
   0    0    1    0
   0    0    1    0
   0    0    1    0
   0    0    1    0
   0    0    1    0
   0    0    1    0
   0    0    1    0
   0    0    1    0
   0    0    1    0
   0    0    1    0
   0    0    1    0
   0    0    1    0
   0    0    1    0
   0    0    1    0
   0    0    1    0
   0    0    1    0
   0    0    1    0
   0    0    1    0
   0    0    1    0
   0    0    1    0
   0    0    1    0
   0    0    1    0
   0    0    1    0
   0    0    1    0
   0    0    1    0
   0    0    1    0
   0    0    1    0
   0    0    1    0
   0    0    1    0
   0    0    1    0
   0    0    1    0
   0    0    1    0
   0    0    1    0
   0    0    1    0
   0    0    1    0
   0    0    1    0
   0    0    1    0
   0    0    1    0
   0    0    1    0
   0    0    1    0
   0    0    1    0
   0    0    1    0
   0    0    1    0
   0    0    1    0
   0    0    1    0
   0    0    1    0
   0    0    1    0
   0    0    1    0
   0    0    1    0
   0    0    1    0
   0    0    1    0
   0    0    1    0
   0    0    1    0
   0    0    1    0
   0    0    1    0
   0    0    1    0
   0    0    1    0
   0    0    1    0
   0    0    1    0
   0    0    1    0
   0    0    1    0
   0    0    1    0
   0    0    1    0
   0    0    1    0
   0    0    1    0

 0 0 0 0    .... footer bytes
 27   [ 25 ]  28   [ 24 ]    tell says: 14964 
 0 0 0 ....zeroes
 0.11336987  -0.22019783  1.26497900  6.56787586    tell says: 14990 
 0 ....zeroes   tell says: 14994 
0   [Number of bonestrings]
 3   1 0 [ 26 ]  4   [ 1 ] 
 0      .....pad
1   [number of textures]
 0      .....pad
 38   1 4 [ 27 ] 
19 buildingskinnedlod0
17
50 BlockSet/Textures/ME_walls_wooden_palisade.texture
57 BlockSet/Textures/ME_walls_wooden_palisade_normal.texture
Expected 15 integer zeroes
 0  0  0  0  0  0  0  0  0  0  0  0  0  0  0 
constant three integers 4, 1 and 3
 4  1  3
variable 4 bytes
18 192 63  0 

 4
255 255 255 255 
255 255 255 255 
255 255 255 255 
255 255 255 255 

 9
 0  0  0  0 
 0  0  0  0 
 0  0  0  0 
 0  0  0  0 
 0  0  0  0 
 0  0  0  0 
 0  0  0  0 
 0  0  0  0 
 0  0  0  0 

 8
  2
   0    short pad .....
   0  0 128 63  0  0  0  0  0  0  0  0  0  0  0  0  0  0  0  0  0  0 128 63  0  0  0  0  0  0  0  0
  2
   0  0 128 63  0  0  0  0  0  0  0  0  0  0  0  0  0  0  0  0  0  0 128 63  0  0  0  0  0  0  0  0
  2
   0  0 128 63  0  0  0  0  0  0  0  0  0  0  0  0  0  0  0  0  0  0 128 63  0  0  0  0  0  0  0  0
  2
   0  0 128 63  0  0  0  0  0  0  0  0  0  0  0  0  0  0  0  0  0  0 128 63  0  0  0  0  0  0  0  0
  2
   0  0 128 63  0  0  0  0  0  0  0  0  0  0  0  0  0  0  0  0  0  0 128 63  0  0  0  0  0  0  0  0
  2
   0  0 128 63  0  0  0  0  0  0  0  0  0  0  0  0  0  0  0  0  0  0 128 63  0  0  0  0  0  0  0  0
  2
   0  0 128 63  0  0  0  0  0  0  0  0  0  0  0  0  0  0  0  0  0  0 128 63  0  0  0  0  0  0  0  0
  2
   0  0 128 63  0  0  0  0  0  0  0  0  0  0  0  0  0  0  0  0  0  0 128 63  0  0  0  0  0  0  0  0
 37   1 0 [ 28 ]  38   [ 27 ]    tell says: 15614 
complex binding sphere    tell says: 15614
+0.11337 -0.22020 +1.26498 +6.56788    tell says: 15630 

