 4   1 3 [ 1 ] 
 0      .....pad
 7   1 0 [ 2 ] 
 0      .....pad
1   [Number of trianglegroups]
 0      .....pad
 11   1 3 [ 3 ] 
 0
 0
 0      .....pad
 24 ...number of triangles    tell says: 97 
   23     20     21
   22     21     20
   19     16     17
   18     17     16
   15     12     13
   14     13     12
   11      8      9
   10      9      8
    6      7      4
    5      4      7
    1      3      0
    2      0      3
   45     46     47
   46     45     44
   41     42     43
   42     41     40
   37     38     39
   38     37     36
   33     34     35
   34     33     32
   28     31     30
   31     28     29
   24     27     25
   27     24     26
 0 ...groupflag    tell says: 245 
 0 0 0 0 0    .... first time bytes
 10   1 0 [ 4 ]  11   [ 3 ] 
 6   1 0 [ 5 ]  7   [ 2 ] 
48   [Number of vertices]
 0      .....pad
2   [Number of floatpairgroups]
 0      .....pad
 18   1 0 [ 6 ] 
 4   [type identifier]   tell says: 302 
 0      .....pad
48   [Number of vertices]
   0.2905885      0.4329410
   0.2905885      0.3412033
   0.2840439      0.4329410
   0.2840439      0.3412033
   0.2905885      0.3412033
   0.2905885      0.4329410
   0.2840439      0.3412033
   0.2840439      0.4329410
   0.3750000      0.5000000
   0.2832624      0.3142998
   0.3750000      0.3142998
   0.2832624      0.5000000
   0.2897746      0.5000000
   0.2832300      0.3142998
   0.2897746      0.3142998
   0.2832300      0.5000000
   0.3750000      0.5000000
   0.2832624      0.3142998
   0.3750000      0.3142998
   0.2832624      0.5000000
   0.2897746      0.5000000
   0.2832300      0.3142998
   0.2897746      0.3142998
   0.2832300      0.5000000
   0.2905885      0.4329410
   0.2905885      0.3412033
   0.2840439      0.4329410
   0.2840439      0.3412033
   0.2905885      0.3412033
   0.2905885      0.4329410
   0.2840439      0.3412033
   0.2840439      0.4329410
   0.3750000      0.3142998
   0.2832624      0.3142998
   0.3750000      0.5000000
   0.2832624      0.5000000
   0.2897746      0.3142998
   0.2832300      0.3142998
   0.2897746      0.5000000
   0.2832300      0.5000000
   0.3750000      0.3142998
   0.2832624      0.3142998
   0.3750000      0.5000000
   0.2832624      0.5000000
   0.2897746      0.3142998
   0.2832300      0.3142998
   0.2897746      0.5000000
   0.2832300      0.5000000

 0 0 0 0    .... footer bytes
 17   1 0 [ 7 ]  18   [ 6 ] 
 18   [ 8 ] 
 1   [type identifier]   tell says: 720 
48   [Number of vertices]
   0.0000000      0.0000000
   0.0000000      0.0000000
   0.0000000      0.0000000
   0.0000000      0.0000000
   0.0000000      0.0000000
   0.0000000      0.0000000
   0.0000000      0.0000000
   0.0000000      0.0000000
   0.0000000      0.0000000
   0.0000000      0.0000000
   0.0000000      0.0000000
   0.0000000      0.0000000
   0.0000000      0.0000000
   0.0000000      0.0000000
   0.0000000      0.0000000
   0.0000000      0.0000000
   0.0000000      0.0000000
   0.0000000      0.0000000
   0.0000000      0.0000000
   0.0000000      0.0000000
   0.0000000      0.0000000
   0.0000000      0.0000000
   0.0000000      0.0000000
   0.0000000      0.0000000
   0.0000000      0.0000000
   0.0000000      0.0000000
   0.0000000      0.0000000
   0.0000000      0.0000000
   0.0000000      0.0000000
   0.0000000      0.0000000
   0.0000000      0.0000000
   0.0000000      0.0000000
   0.0000000      0.0000000
   0.0000000      0.0000000
   0.0000000      0.0000000
   0.0000000      0.0000000
   0.0000000      0.0000000
   0.0000000      0.0000000
   0.0000000      0.0000000
   0.0000000      0.0000000
   0.0000000      0.0000000
   0.0000000      0.0000000
   0.0000000      0.0000000
   0.0000000      0.0000000
   0.0000000      0.0000000
   0.0000000      0.0000000
   0.0000000      0.0000000
   0.0000000      0.0000000

 0 0 0 0    .... footer bytes
 17   [ 9 ]  18   [ 8 ] 
 0      .....pad
1   [Number of floattriplesgroups]
 0      .....pad
 23   1 0 [ 10 ] 
 0   [type identifier]   tell says: 1144 
 0      .....pad
48   [Number of vertices]
   2.8772867      2.9712019      0.2911517
   5.5378470      2.9712019      1.5317916
   2.9657941      2.9712019      0.1013471
   5.6263547      2.9712019      1.3419870
   2.8772860     -2.9712019      0.2911535
   5.5378466     -2.9712019      1.5317934
   2.9657934     -2.9712019      0.1013488
   5.6263537     -2.9712019      1.3419887
   5.5378466     -2.9712019      1.5317934
   2.8772867      2.9712019      0.2911517
   5.5378470      2.9712019      1.5317916
   2.8772860     -2.9712019      0.2911535
   5.6263537     -2.9712019      1.3419887
   5.5378470      2.9712019      1.5317916
   5.6263547      2.9712019      1.3419870
   5.5378466     -2.9712019      1.5317934
   2.9657934     -2.9712019      0.1013488
   5.6263547      2.9712019      1.3419870
   2.9657941      2.9712019      0.1013471
   5.6263537     -2.9712019      1.3419887
   2.8772860     -2.9712019      0.2911535
   2.9657941      2.9712019      0.1013471
   2.8772867      2.9712019      0.2911517
   2.9657934     -2.9712019      0.1013488
  -2.8772857      2.9712019      0.2911526
  -5.5378461      2.9712019      1.5317924
  -2.9657931      2.9712019      0.1013479
  -5.6263533      2.9712019      1.3419878
  -2.8772857     -2.9712019      0.2911526
  -5.5378461     -2.9712019      1.5317924
  -2.9657931     -2.9712019      0.1013479
  -5.6263533     -2.9712019      1.3419878
  -5.5378461      2.9712019      1.5317924
  -2.8772857      2.9712019      0.2911526
  -5.5378461     -2.9712019      1.5317924
  -2.8772857     -2.9712019      0.2911526
  -5.6263533      2.9712019      1.3419878
  -5.5378461      2.9712019      1.5317924
  -5.6263533     -2.9712019      1.3419878
  -5.5378461     -2.9712019      1.5317924
  -2.9657931      2.9712019      0.1013479
  -5.6263533      2.9712019      1.3419878
  -2.9657931     -2.9712019      0.1013479
  -5.6263533     -2.9712019      1.3419878
  -2.8772857      2.9712019      0.2911526
  -2.9657931      2.9712019      0.1013479
  -2.8772857     -2.9712019      0.2911526
  -2.9657931     -2.9712019      0.1013479

 0 0 0 0    .... footer bytes
 22   1 0 [ 11 ]  23   [ 10 ] 
 0      .....pad
7   [Number of bytequadgroups]
 0      .....pad
 28   1 0 [ 12 ] 
 3   [type identifier]   tell says: 1764 
 0      .....pad
48   [Number of vertices]
 127  255  127    0
 127  255  127    0
 127  255  127    0
 127  255  127    0
 127    0  127    0
 127    0  127    0
 127    0  127    0
 127    0  127    0
 243  127   73    0
 243  127   73    0
 243  127   73    0
 243  127   73    0
 181  127  243    0
 181  127  243    0
 181  127  243    0
 181  127  243    0
  11  127  181    0
  11  127  181    0
  11  127  181    0
  11  127  181    0
  73  127   11    0
  73  127   11    0
  73  127   11    0
  73  127   11    0
 127  255  127    0
 127  255  127    0
 127  255  127    0
 127  255  127    0
 127    0  127    0
 127    0  127    0
 127    0  127    0
 127    0  127    0
 243  127  181    0
 243  127  181    0
 243  127  181    0
 243  127  181    0
 181  127   11    0
 181  127   11    0
 181  127   11    0
 181  127   11    0
  11  127   73    0
  11  127   73    0
  11  127   73    0
  11  127   73    0
  73  127  243    0
  73  127  243    0
  73  127  243    0
  73  127  243    0

 0 0 0 0    .... footer bytes
 27   1 0 [ 13 ]  28   [ 12 ]    tell says: 1980 
 28   [ 14 ] 
 10   [type identifier]   tell says: 1990 
48   [Number of vertices]
  11  127  181    0
  11  127  181    0
  11  127  181    0
  11  127  181    0
  11  127  181    0
  11  127  181    0
  11  127  181    0
  11  127  181    0
  73  127   11    0
  73  127   11    0
  73  127   11    0
  73  127   11    0
 243  127   73    0
 243  127   73    0
 243  127   73    0
 243  127   73    0
 181  127  243    0
 181  127  243    0
 181  127  243    0
 181  127  243    0
  11  127  181    0
  11  127  181    0
  11  127  181    0
  11  127  181    0
  11  127   73    0
  11  127   73    0
  11  127   73    0
  11  127   73    0
  11  127   73    0
  11  127   73    0
  11  127   73    0
  11  127   73    0
  73  127  243    0
  73  127  243    0
  73  127  243    0
  73  127  243    0
 243  127  181    0
 243  127  181    0
 243  127  181    0
 243  127  181    0
 181  127   11    0
 181  127   11    0
 181  127   11    0
 181  127   11    0
  11  127   73    0
  11  127   73    0
  11  127   73    0
  11  127   73    0

 0 0 0 0    .... footer bytes
 27   [ 15 ]  28   [ 14 ]    tell says: 2202 
 28   [ 16 ] 
 8   [type identifier]   tell says: 2212 
48   [Number of vertices]
   0    0    0  255
   0    0    0  255
   0    0    0  255
   0    0    0  255
   0    0    0  255
   0    0    0  255
   0    0    0  255
   0    0    0  255
   0    0    0  255
   0    0    0  255
   0    0    0  255
   0    0    0  255
   0    0    0  255
   0    0    0  255
   0    0    0  255
   0    0    0  255
   0    0    0  255
   0    0    0  255
   0    0    0  255
   0    0    0  255
   0    0    0  255
   0    0    0  255
   0    0    0  255
   0    0    0  255
   0    0    0  255
   0    0    0  255
   0    0    0  255
   0    0    0  255
   0    0    0  255
   0    0    0  255
   0    0    0  255
   0    0    0  255
   0    0    0  255
   0    0    0  255
   0    0    0  255
   0    0    0  255
   0    0    0  255
   0    0    0  255
   0    0    0  255
   0    0    0  255
   0    0    0  255
   0    0    0  255
   0    0    0  255
   0    0    0  255
   0    0    0  255
   0    0    0  255
   0    0    0  255
   0    0    0  255

 0 0 0 0    .... footer bytes
 27   [ 17 ]  28   [ 16 ]    tell says: 2424 
 28   [ 18 ] 
 9   [type identifier]   tell says: 2434 
48   [Number of vertices]
   0    0    0    0
   0    0    0    0
   0    0    0    0
   0    0    0    0
   0    0    0    0
   0    0    0    0
   0    0    0    0
   0    0    0    0
   0    0    0    0
   0    0    0    0
   0    0    0    0
   0    0    0    0
   0    0    0    0
   0    0    0    0
   0    0    0    0
   0    0    0    0
   0    0    0    0
   0    0    0    0
   0    0    0    0
   0    0    0    0
   0    0    0    0
   0    0    0    0
   0    0    0    0
   0    0    0    0
   0    0    0    0
   0    0    0    0
   0    0    0    0
   0    0    0    0
   0    0    0    0
   0    0    0    0
   0    0    0    0
   0    0    0    0
   0    0    0    0
   0    0    0    0
   0    0    0    0
   0    0    0    0
   0    0    0    0
   0    0    0    0
   0    0    0    0
   0    0    0    0
   0    0    0    0
   0    0    0    0
   0    0    0    0
   0    0    0    0
   0    0    0    0
   0    0    0    0
   0    0    0    0
   0    0    0    0

 0 0 0 0    .... footer bytes
 27   [ 19 ]  28   [ 18 ]    tell says: 2646 
 28   [ 20 ] 
 13   [type identifier]   tell says: 2656 
48   [Number of vertices]
   2    0    0    0
   2    0    0    0
   2    0    0    0
   2    0    0    0
   2    0    0    0
   2    0    0    0
   2    0    0    0
   2    0    0    0
   2    0    0    0
   2    0    0    0
   2    0    0    0
   2    0    0    0
   2    0    0    0
   2    0    0    0
   2    0    0    0
   2    0    0    0
   2    0    0    0
   2    0    0    0
   2    0    0    0
   2    0    0    0
   2    0    0    0
   2    0    0    0
   2    0    0    0
   2    0    0    0
   2    0    0    0
   2    0    0    0
   2    0    0    0
   2    0    0    0
   2    0    0    0
   2    0    0    0
   2    0    0    0
   2    0    0    0
   2    0    0    0
   2    0    0    0
   2    0    0    0
   2    0    0    0
   2    0    0    0
   2    0    0    0
   2    0    0    0
   2    0    0    0
   2    0    0    0
   2    0    0    0
   2    0    0    0
   2    0    0    0
   2    0    0    0
   2    0    0    0
   2    0    0    0
   2    0    0    0

 0 0 0 0    .... footer bytes
 27   [ 21 ]  28   [ 20 ]    tell says: 2868 
 28   [ 22 ] 
 14   [type identifier]   tell says: 2878 
48   [Number of vertices]
   2    0    0    0
   2    0    0    0
   2    0    0    0
   2    0    0    0
   2    0    0    0
   2    0    0    0
   2    0    0    0
   2    0    0    0
   2    0    0    0
   2    0    0    0
   2    0    0    0
   2    0    0    0
   2    0    0    0
   2    0    0    0
   2    0    0    0
   2    0    0    0
   2    0    0    0
   2    0    0    0
   2    0    0    0
   2    0    0    0
   2    0    0    0
   2    0    0    0
   2    0    0    0
   2    0    0    0
   2    0    0    0
   2    0    0    0
   2    0    0    0
   2    0    0    0
   2    0    0    0
   2    0    0    0
   2    0    0    0
   2    0    0    0
   2    0    0    0
   2    0    0    0
   2    0    0    0
   2    0    0    0
   2    0    0    0
   2    0    0    0
   2    0    0    0
   2    0    0    0
   2    0    0    0
   2    0    0    0
   2    0    0    0
   2    0    0    0
   2    0    0    0
   2    0    0    0
   2    0    0    0
   2    0    0    0

 0 0 0 0    .... footer bytes
 27   [ 23 ]  28   [ 22 ]    tell says: 3090 
 28   [ 24 ] 
 2   [type identifier]   tell says: 3100 
48   [Number of vertices]
   0    0    0    0
   0    0    0    0
   0    0    0    0
   0    0    0    0
   0    0    0    0
   0    0    0    0
   0    0    0    0
   0    0    0    0
   0    0    0    0
   0    0    0    0
   0    0    0    0
   0    0    0    0
   0    0    0    0
   0    0    0    0
   0    0    0    0
   0    0    0    0
   0    0    0    0
   0    0    0    0
   0    0    0    0
   0    0    0    0
   0    0    0    0
   0    0    0    0
   0    0    0    0
   0    0    0    0
   0    0    1    0
   0    0    1    0
   0    0    1    0
   0    0    1    0
   0    0    1    0
   0    0    1    0
   0    0    1    0
   0    0    1    0
   0    0    1    0
   0    0    1    0
   0    0    1    0
   0    0    1    0
   0    0    1    0
   0    0    1    0
   0    0    1    0
   0    0    1    0
   0    0    1    0
   0    0    1    0
   0    0    1    0
   0    0    1    0
   0    0    1    0
   0    0    1    0
   0    0    1    0
   0    0    1    0

 0 0 0 0    .... footer bytes
 27   [ 25 ]  28   [ 24 ]    tell says: 3312 
 0 0 0 ....zeroes
 0.31075528  1.59997344  1.30211842  7.49309635    tell says: 3338 
 0 ....zeroes   tell says: 3342 
0   [Number of bonestrings]
 3   1 0 [ 26 ]  4   [ 1 ] 
 0      .....pad
1   [number of textures]
 0      .....pad
 38   1 4 [ 27 ] 
19 buildingskinnedlod0
17
18 wolls/wall.texture
20 wolls/wall_n.texture
Expected 15 integer zeroes
 0  0  0  0  0  0  0  0  0  0  0  0  0  0  0 
constant three integers 4, 1 and 3
 4  1  3
variable 4 bytes
18 192 63  0 

 4
255 255 255 255 
255 255 255 255 
255 255 255 255 
255 255 255 255 

 9
 0  0  0  0 
 0  0  0  0 
 0  0  0  0 
 0  0  0  0 
 0  0  0  0 
 0  0  0  0 
 0  0  0  0 
 0  0  0  0 
 0  0  0  0 

 8
  2
   0    short pad .....
   0  0 128 63  0  0  0  0  0  0  0  0  0  0  0  0  0  0  0  0  0  0 128 63  0  0  0  0  0  0  0  0
  2
   0  0 128 63  0  0  0  0  0  0  0  0  0  0  0  0  0  0  0  0  0  0 128 63  0  0  0  0  0  0  0  0
  2
   0  0 128 63  0  0  0  0  0  0  0  0  0  0  0  0  0  0  0  0  0  0 128 63  0  0  0  0  0  0  0  0
  2
   0  0 128 63  0  0  0  0  0  0  0  0  0  0  0  0  0  0  0  0  0  0 128 63  0  0  0  0  0  0  0  0
  2
   0  0 128 63  0  0  0  0  0  0  0  0  0  0  0  0  0  0  0  0  0  0 128 63  0  0  0  0  0  0  0  0
  2
   0  0 128 63  0  0  0  0  0  0  0  0  0  0  0  0  0  0  0  0  0  0 128 63  0  0  0  0  0  0  0  0
  2
   0  0 128 63  0  0  0  0  0  0  0  0  0  0  0  0  0  0  0  0  0  0 128 63  0  0  0  0  0  0  0  0
  2
   0  0 128 63  0  0  0  0  0  0  0  0  0  0  0  0  0  0  0  0  0  0 128 63  0  0  0  0  0  0  0  0
 37   1 0 [ 28 ]  38   [ 27 ]    tell says: 3893 
complex binding sphere    tell says: 3893
+0.31076 +1.59997 +1.30212 +7.49310    tell says: 3909 

